-0.04406999779881136
-0.21111160026414266
0.006374642306845696
-0.08103015628439358
-0.03730574510235527
-0.15014747963900507
-0.15960158485582215
-0.15599163548316092
-0.03689852520360995
-0.17175214615892584
-0.10741580453444861
-0.082359674224081
-0.03639225181598063
-0.032075720889280214
-0.0899933964340744
-0.07644728153202729
-0.173449262601805
-0.01737838432753687
-0.1608320493066256
-0.07421087387189083
-0.0917147259520141
-0.06697996918335901
-0.0010323574730354392
-0.11790887079022673
-0.1243517499449703
-0.08434294519040282
-0.05076381245872772
-0.07448822364076602
-0.13546775258639665
-0.02908210433634163
0.004802993616552938
-0.10828747523662778
-0.11660356592559984
-0.10014747963900507
-0.07338542813119085
-0.08728593440457849
-0.033585736297600706
-0.10813339203169713
-0.0841338322694255
-0.10063394232885758
-0.08803653973145499
-0.09183579132731674
-0.10108518600044024
-0.0715100154083205
-0.13631080783623156
-0.05769755668060754
-0.03990314769975787
-0.0800528285274048
-0.15234426590358793
-0.09612590799031477
-0.053491085186000445
-0.11600924499229587
-0.1369227382786705
-0.11605767114241691
0.006139115122165971
-0.02816640986132512
-0.06645608628659477
-0.0640215716486903
-0.10162227602905569
-0.12703940127668942
-0.07936385648250056
-0.060799031476997584
-0.1380167290336782
-0.10167950693374421
-0.09962359674224082
-0.09440017609509137
-0.04099273607748184
-0.10942548976447282
-0.05764252696456086
-0.05720889280211314
-0.07255558001320714
-0.0439291217257319
-0.03976007043803654
-0.13766894122826326
-0.0326370239929562
0.0019458507594100815
-0.13268324895443542
-0.0288135593220339
-0.01715826546335021
-0.10413163108078363
-0.08198327096632181
-0.19466431873211534
-0.09266123706801674
-0.03784063394232886
-0.10648250055029718
-0.08158485582214396
-0.08908870790226724
-0.0754193264362756
-0.045936605767114246
-0.11488443759630201
-0.08812458727712966
-0.13975126568346907
-0.164455205811138
-0.008245652652432314
-0.16006163328197226
-0.03172353070658155
-0.12686550737398194
-0.10023332599603788
-0.0716486902927581
-0.12266784063394234
-0.07573189522342065
-0.0576667400396214
-0.1876337222099934
-0.06138234646709223
-0.10220559101915036
-0.07501430772617214
-0.20046004842615014
-0.038153202729473916
-0.056720228923618755
-0.197937486242571
-0.08908650671362536
-0.19611490204710544
0.0451353731014748
-0.10998899405679068
-0.046585956416464895
-0.05677085626238168
-0.10715826546335021
-0.24576711424169054
-0.05030156284393573
-0.10904248294078804
-0.1568699097512657
-0.05544133832269426
0.06002641426370239
-0.050939907550077046
-0.07290777019590579
-0.11259960378604447
-0.11845476557340966
-0.14494827206691613
-0.028395333480079242
-0.1181223860884878
-0.13884217477437816
-0.14495927801012548
-0.08097072419106317
-0.02747083425049527
-0.08804314329738058
-0.11933744221879816
-0.08157384987893462
-0.1334668721109399
-0.08274047985912393
-0.11942328857583095
-0.0704160246533128
-0.00939687431212855
-0.0741932643627559
-0.11535549196566147
-0.1226172132951794
0.023942328857583094
-0.01969623596742241
-0.09726612370680168
-0.06397314549856924
-0.09050847457627119
-0.07631741140215717
-0.1402773497688752
-0.060867268324895446
-0.09408100374202069
-0.07776799471714727
-0.04926700418225843
-0.10288575830948714
-0.18495487563284174
-0.06327096632181378
-0.046132511556240374
-0.10695795729694035
-0.09401056570548097
-0.046489104116222764
-0.029088707902267228
-0.09005502971604669
-0.09591239269205372
-0.05856702619414484
-0.06578692493946732
-0.11709883337001983
-0.13323354611490204
-0.008745322474136034
-0.105115562403698
-0.09751705921197447
-0.06713625357693155
-0.10955535989434295
-0.1337310147479639
