0.1823860884877834
0.16174554259300022
0.12664758969843715
0.17901826986572753
0.1868104776579353
0.17530926700418228
0.08334800792427911
0.210891481399956
0.18869689632401496
0.16273167510455647
0.19164648910411625
0.1596984371560643
0.14764472815320273
0.15751045564604885
0.1673233546114902
0.17821043363416245
0.1818137794408981
0.16629539951573852
0.14067576491305306
0.14923838872991416
0.15705260840854063
0.15913493286374641
0.16046665199207574
0.1961765353290777
0.18009905348888403
0.18907550077041602
0.1992802113141096
0.1684305524983491
0.20727052608408542
0.16029275808936827
0.22161127008584638
0.18349108518600046
0.1678648470173894
0.15974686330618534
0.1411864406779661
0.17473695795729696
0.15030596522121947
0.222161567246313
0.18165749504732556
0.19212634822804317
0.1864538850979529
0.1543979749064495
0.14459608188421746
0.1721175434734757
0.16872771296500108
0.19049526744442
0.12250495267444421
0.16443099273607747
0.21002641426370242
0.14161127008584637
0.14002861545234427
0.16348007924279112
0.1640017609509135
0.16832929782082326
0.19937486242570987
0.14827646929341845
0.1582324455205811
0.1125313669381466
0.15180057230904692
0.16397974906449483
0.16130530486462694
0.11735417125247635
0.15806515518379924
0.2039357252916575
0.20137134052388292
0.17208012326656397
0.19744221879815096
0.17692714065595422
0.16229143737618318
0.1654061193044244
0.1769535549196566
0.16252696456086288
0.19879815100154086
0.15319392471934845
0.16805414924058992
0.18192824125027515
0.12513757429011665
0.16972925379705042
0.14305965221219458
0.12691393352410302
0.16368038740920096
0.2340281752146159
0.1540545894783183
0.13210873871890821
0.1795399515738499
0.17402817521461592
0.17202729473915918
0.18127448822364078
0.20081003742020692
0.14434294519040283
0.1645762711864407
0.22584195465551402
0.1773497688751926
0.1434272507153863
0.13811358133392032
0.18386308606647592
0.16289896544133836
0.14468192824125028
0.1801915034118424
0.16428351309707243
0.20583314990094653
0.19938146599163548
0.19039621395553602
0.18138234646709225
0.1979639005062734
0.2017411402157165
0.16286594761171033
0.15635263042042702
0.15451904028175215
0.16589038080563506
0.1768500990534889
0.18536209553158706
0.1475038520801233
0.2120669161347127
0.13510015408320494
0.20922738278670483
0.15085626238168612
0.2023200528285274
0.15091349328637466
0.2061655293858684
0.17580233325996036
0.20521681708122386
0.12876513317191285
0.13392692053709004
0.16425709883337006
0.11666079683028836
0.14578472375082546
0.15058111380145278
0.15562623816861107
0.21667620515078143
0.16650231124807396
0.22666299801893022
0.20412062513757429
0.20303984151441778
0.12070217917675546
0.1651375742901167
0.11980629539951575
0.24930002201188647
0.14493946731234866
0.2010609729253797
0.17981510015408322
0.17418225841954657
0.1729804094210874
0.15482060312568788
0.16481840193704603
0.212623816861105
0.19386088487783404
0.16015628439357255
0.18934184459608192
0.17658815760510677
0.15968302883557123
0.16946290997138455
0.1744155844155844
0.15454545454545454
0.14717147259520144
0.22851199647809822
0.17856042262821925
0.1556350429231785
0.16203609949372663
0.14620074840413824
0.15773057451023553
0.16613691393352412
0.16351529826106095
0.17854281311908432
0.20715606427470834
0.17849658815760513
0.18424169051287698
0.11040942108738719
0.1306471494607088
0.17097952894563065
0.14916134712744883
0.20288135593220338
0.13770195905789126
0.11875632841734537
0.13503191723530708
0.15977327756988774
0.11261281091789567
0.177871450583315
0.13995157384987894
0.16062513757429012
0.1340347787805415
0.1342659035879375
0.15520140876073082
0.11801232665639447
0.19901606867708563
