-0.0739621395553599
-0.07314990094651111
-0.07062513757429012
-0.12694475016508916
-0.07950473255558002
-0.10801893022232005
-0.05872110939907551
-0.09267444419986792
-0.024990094651111603
-0.06283733215936606
-0.04609509134932864
-0.11979969183359014
0.026817081223860884
-0.05729694034778781
-0.028175214615892584
-0.12585075941008145
-0.01662557781201849
-0.050118864186660804
-0.0476865507373982
0.05363416244772177
-0.055822143957737186
-0.025476557340964125
-0.05724851419766674
-0.08134052388289677
-0.10719348448162008
-0.07420647149460709
-0.06849878934624698
-0.0007858243451463792
-0.05394673123486684
0.03458287475236628
-0.14276029055690073
-0.06359674224081005
-0.01707241910631741
-0.10511776359233987
-0.07346687211093991
-0.057686550737398194
-0.048734316530926705
-0.007838432753686992
-0.025053929121725736
0.011725731895223421
-0.06725071538630861
-0.005362095531587057
-0.0564142637023993
-0.13421527624917456
-0.009302223200528287
-0.0674686330618534
0.011543033237948492
-0.06701518820162888
-0.058523002421307514
-0.13126348228043144
-0.04334360554699538
-0.0067048206031256885
0.004624697336561743
-0.05938366718027736
-0.016640986132511557
-0.05434294519040282
-0.08943649570768215
-0.038677085626238165
-0.039643407440017604
0.016557340964120627
-0.11457186880915697
-0.13873431653092672
-0.0063174114021571645
0.004149240589918557
-0.11718467972705261
-0.03485802333259961
-0.06324675324675325
-0.05993396434074401
-0.029933964340744003
-0.1407043803653973
0.012929782082324455
-0.02414703940127669
-0.060660356592559986
-0.08367158265463351
-0.10099273607748185
-0.053273167510455646
-0.030380805635042925
-0.006185340083645168
-0.06546775258639666
-0.026720228923618757
0.021133612150561306
-0.041589258199427694
0.04711864406779661
-0.12248514197666742
-0.07040501871010346
0.010055029716046666
-0.0651683909311028
-0.048300682368478974
-0.06196786264582876
0.007406999779881135
-0.07275588817961699
-0.04465771516618974
-0.07989214175654855
-0.04425930002201189
-0.07552718467972706
-0.05823464670922298
-0.09427470834250495
-0.03279771076381246
0.01292097732775699
-0.052894563064054594
