0.18094651111600266
0.2167378384327537
0.2126964560862866
0.22254897644728158
0.1858859784283513
0.19561743341404358
0.20625797930882678
0.21240149680827647
0.1967972705260841
0.21489104116222765
0.21556680607528064
0.17502751485802337
0.15254237288135594
0.16727492846136915
0.20645168390931104
0.23731895223420651
0.2165133171912833
0.22070217917675547
0.19397754787585297
0.23417785604226285
0.18834910851860007
0.21653753026634387
0.18011226062073518
0.18115562403698
0.194274708342505
0.15650231124807396
0.2220977327756989
0.19204050187101035
0.227739379264803
0.18885538190622939
0.15863086066475898
0.20900506273387628
0.21274708342504955
0.2010345586616773
0.20219238388729915
0.20999339643407441
0.1917213295179397
0.188961038961039
0.16856702619414488
0.18180497468633064
0.1724477217697557
0.1600132071318512
0.17131410961919435
0.19550297160466654
0.23784063394232885
0.16600044023772836
0.23029936165529388
0.1847083425049527
0.17884217477437817
0.20576711424169053
0.2100726392251816
0.20347787805414924
0.22246973365617434
0.18043803653973145
0.16641206251375745
0.19694034778780542
0.2071802773497689
0.21151882016288798
0.17970724191063175
0.2119238388729914
0.18386968963240152
0.19343165309267002
0.14229804094210874
0.1893528505392912
0.2290644948272067
0.17112260620735198
0.2355800132071319
0.1782192383887299
0.17368258859784283
0.20385428131190844
0.2182742681047766
0.17575390710983932
0.23066916134712745
0.18690512876953558
0.1645432533568127
0.1787079022672243
0.16001760950913496
0.1411534228483381
0.16061413163108082
0.182557781201849
0.20019370460048427
0.2346335020911292
0.19015848558221443
0.1772176975566806
0.23906889720449043
0.2274818401937046
0.1964406779661017
0.16209112920977328
0.21558001320713183
0.20562183579132734
0.17502751485802337
0.22696896324014967
0.21637904468412947
0.177937486242571
0.1881223860884878
0.213218137794409
0.22229804094210875
0.17666740039621398
0.2126370239929562
0.1504490424829408
