0.38424169051287693
0.3494166850099054
0.3306207351970064
0.3460642747083425
0.3752454325335681
0.33938366718027735
0.34958397534668717
0.35026194144838213
0.36867708562623813
0.3506471494607088
0.3853224741360335
0.36836671802773496
0.35917455425930006
0.3867048206031257
0.35330838652872554
0.3602685450143078
0.3744706141316311
0.3755315870570108
0.3703543913713405
0.35626678406339424
0.3787012987012987
0.39346467092229803
0.3644309927360775
0.38027294739159145
0.35551177635923403
0.3751243671582655
0.3539841514417786
0.3641074180057231
0.3867862645828748
0.36630420427030597
0.3517411402157165
0.3579661016949153
0.34882016288795953
0.3671362535769316
0.3401188641866608
0.35542813119084304
0.3394783182918777
0.36424389170151883
0.36461149020471056
0.3766101694915254
0.36792427911071984
0.37034778780541494
0.380942108738719
0.38355712084525645
0.36084085406119304
0.3553400836451684
0.37303543913713405
0.37203169711644285
0.35541052168170817
0.38206911732335463
0.38259740259740266
0.379522342064715
0.35519040281752146
0.38899185560202515
0.36673123486682807
0.3675148580233326
0.3571252476337223
0.35681488003521905
0.37645608628659477
0.3714659916354832
0.35542593000220124
0.36374422187981514
0.36388289676425273
0.3647017389390271
0.3750891481399956
0.37380805635042924
0.35560642747083426
0.3414571868809157
0.34509355051727936
0.3963306185340083
0.3382038300682369
0.36755447941888625
0.36365837552278235
0.3686704820603126
0.35124147039401277
0.36292317851639894
0.3618247853841074
0.37099493726612376
0.3746797270526085
0.3588994056790667
0.38235747303543915
0.3316420867268325
0.3883094871230464
0.37451683909311034
0.3502575390710984
0.3700132071318512
0.37184899845916797
0.38852300242130755
0.3447941888619855
0.3837728373321594
0.360116662998019
0.35205150781421973
0.3701937046004843
0.3529473915914594
0.3647611710323575
0.33692053709002856
0.3693484481620075
0.37578252256218364
0.36916795069337444
0.3426018049746864
0.3219568567026194
0.3641558441558441
0.3783447061413164
0.3433325996037861
0.36230464450803435
0.36169271406559544
0.37151882016288795
0.3678076161127009
0.37169271406559545
0.3396676205150782
0.37781642086726835
0.40194144838212637
0.35981069777679947
0.3698569227382787
0.3452344265903588
0.3575764913053049
0.34801893022232006
0.36409641206251375
0.37176535329077703
0.36325775918996256
0.3524389170151882
0.37663658375522785
0.38443979749064494
0.3602993616552939
0.36994717147259526
0.3751904028175215
0.35523222540171695
0.3755007704160247
0.40004842615012104
0.3600748404138235
0.3626854501430773
0.3706207351970064
0.3677327756988774
0.3938168611049967
0.3701937046004843
0.3681311908430553
0.37572088928021136
0.3889148139995598
0.39177635923398635
0.38460708782742686
0.39432093330398416
0.3480299361655294
0.3687497248514198
0.3309509134932864
0.3638102575390711
0.39414043583535113
0.3773871890821044
0.38253797050407223
0.3877107638124587
0.35856262381686116
0.3886352630420427
0.400594320933304
0.36409421087387195
0.37030816640986136
0.34380145278450364
0.3581818181818182
0.37570327977107637
0.3500242130750605
0.3727911071978869
0.3568368919216377
0.3719920757208893
0.35878054149240596
0.3560598723310588
0.35873431653092674
0.3594430992736078
0.3791745542593001
0.3489808496588158
0.35620074840413823
0.36583975346687214
0.38465551397754794
0.3370107858243451
0.3692053709002862
0.34179176755447943
0.3812942989214176
0.3813647369579573
0.35355051727933084
0.35895223420647154
0.42859344045784725
0.39563944530046224
0.34381465991635485
0.38229143737618315
0.3799361655293859
0.3349856922738279
0.3830442438917015
