0.42483821263482285
0.3978098173013428
0.3533436055469954
0.3777261721329518
0.3716596962359674
0.3239313229143738
0.361221659696236
0.3889038080563504
0.36975126568346905
0.3458595641646489
0.36928901606867715
0.3531741140215717
0.39520140876073084
0.36976447281532027
0.3807373981950254
0.3569601584855822
0.3871516618974246
0.38195245432533576
0.38466651992075723
0.39136253576931546
0.3859960378604447
0.37715826546335024
0.36387849438696895
0.3858793748624257
0.39203169711644287
0.3735351089588378
0.3836825885978428
0.36687431212854943
0.3771472595201409
0.38977547875852964
0.34285274047985914
0.39440017609509137
0.3790975126568347
0.37514858023332603
0.3896544133832269
0.39427470834250494
0.38897424609289016
0.41743121285494167
0.3662271626678406
0.39796169931763153
0.37908650671362537
0.3858859784283513
0.40037420206911734
0.3752454325335681
0.37398195025313674
0.36588817961699316
0.36690512876953557
0.3848800352190183
0.40234206471494616
0.36059872331058773
0.3471362535769316
0.3798635263042043
0.3512458727712965
0.39942108738718907
0.37833810257539074
0.3713933524103016
0.37966982170372005
0.3815122165969624
0.37410521681708125
0.3584085406119305
0.34926700418225837
0.3570327977107638
0.3842328857583095
0.36359674224081007
0.3820647149460709
0.39755888179617
0.3863944530046225
0.3867400396213956
0.35520360994937267
0.3774003962139555
0.3781091789566366
0.3922914373761832
0.392854941668501
0.39077481840193706
0.3617609509134933
0.38354391371340524
0.3621725731895224
0.3922298040942109
0.38269645608628666
0.39848778340303764
0.40379925159586183
0.36291877613911516
0.3640567906669601
0.3744706141316311
0.35979749064494826
0.3716729033678186
0.3796103896103896
0.38144397974906447
0.35886638784943875
0.3686528725511776
0.37214395773717807
0.38513097072419106
0.39114461809377066
0.38799911952454325
0.39640325775919
0.3425974025974026
0.3794871230464451
0.36673343605547
0.36482280431432973
0.391683909311028
