0.09462909971384546
0.08142857142857143
0.0733810257539071
0.06670702179176756
0.14968302883557122
0.10437376183138897
0.11928021131410964
0.09845696676205153
0.1134294519040282
0.10582214395773719
0.11767554479418886
0.12904028175214619
0.1003830068236848
0.14718027734976888
0.08456746643187321
0.11930002201188644
0.09277790006603567
0.12450583314990095
0.09871230464450804
0.13642967202289238
0.15744882236407665
0.10481179837112042
0.10827646929341844
0.11421087387189083
0.12492185780321373
0.12468412942989214
0.15473695795729694
0.07975346687211093
0.1063944530046225
0.14568567026194143
0.1353532907770196
0.06814659916354833
0.1064406779661017
0.08817301342725072
0.10597182478538411
0.08438917015188202
0.11780321373541713
0.09712084525643848
0.09034558661677307
0.11491525423728814
0.07713625357693155
0.12188421747743784
0.1507440017609509
0.10793968743121286
0.14359233986352632
0.08571868809156946
0.08808056350429232
0.06286374642306845
0.06580013207131852
0.11231565045124367
0.15506053268765133
0.0964472815320273
0.11474356152322254
0.07898305084745762
0.08958177415804536
0.10814439797490645
0.1022672243011226
0.11550297160466652
0.1017477437816421
0.10714065595421528
0.08817301342725072
0.0945938806955756
0.10749284613691394
0.11493946731234868
0.13267884657715168
0.1053004622496148
0.08898084965881577
0.11898745322474136
0.15178296279991196
0.05127008584635704
0.05476997578692494
0.10588817961699319
0.12536209553158706
0.12439577371780762
0.11138454765573409
0.08224741360334581
0.14053048646268987
0.12330618534008365
0.11015408320493067
0.1324323134492626
0.10967422408100376
0.11614571868809158
0.11155403918115783
0.1254853620955316
0.13488223640766014
0.09369579572969404
0.10011666299801894
0.10921417565485363
0.08528285274047985
0.10203830068236848
0.1047919876733436
0.07268545014307726
0.09456966762051508
0.10072859344045786
0.09696676205150782
0.12153863086066478
0.12265463350209115
0.06114902047105437
0.12031697116442881
0.10572309046885318
