-0.016040061633281973
0.030924499229583974
0.054371560642747084
0.058243451463790445
0.04913713405238829
-0.016814880035219023
-0.01852300242130751
0.024041382346467095
0.10622055910191505
0.08739599383667179
0.08865947611710323
0.05948712304644508
0.08479859123926921
0.07116002641426371
0.026922738278670484
-0.011263482280431433
-0.029971384547655737
0.015049526744442002
0.04156724631300903
-0.010085846357032796
0.009355051727933083
0.11023552718467974
-0.00237508254457407
0.029535549196566147
-0.015513977547875856
0.07661016949152542
0.035804534448602245
0.10305084745762712
0.05797050407219899
0.08055249834910852
0.08727272727272728
0.01735417125247634
0.05070217917675545
-0.002861545234426591
0.01523662777900066
0.013376623376623377
-0.037349768875192604
0.0818071758749725
0.08269865727492848
0.049861325115562405
0.10024653312788906
0.01818401937046005
0.03831168831168831
0.014924058991855602
0.10255337882456529
0.001521021351529826
0.041272287034998904
0.04372881355932204
-0.012042703059652212
0.06397754787585297
0.05075500770416025
0.00015408320493066256
0.04307506053268765
0.1010367598503192
0.04348888399735857
-0.04464010565705481
0.01627779000660357
-0.010873871890821044
0.09624036979969183
0.04871890821043364
0.05347787805414924
0.01687871450583315
0.04273607748184019
0.047983711204050185
0.06958617653532909
-0.010607528065155183
0.047127448822364075
0.041085186000440234
0.10674003962139555
0.07624477217697558
0.0784701738939027
0.03507153863086066
-0.04289676425269646
0.02886858903808056
0.004287915474356152
0.05224301122606207
0.02466651992075721
-0.010504072198987453
0.010592119744662119
-0.010257539071098394
0.0298811358133392
0.14173013427250716
0.06383887299141537
0.12719568567026196
0.046178736517719574
0.08447061413163108
-0.00438696896324015
0.00786484701738939
0.04486022452124147
-0.0013625357693154302
0.024952674444199872
0.06381465991635484
-0.018791547435615234
-0.012672243011226065
-0.0364208672683249
0.025128769535549197
0.03738058551617874
0.055690072639225194
0.007924279110719789
0.06876953554919657
