0.26063174114021576
0.19981510015408321
0.2096125907990315
0.337492846136914
0.25342945190402816
0.2858529605987233
0.24002641426370241
0.15428791547435616
0.21359013867488447
0.2565969623596742
0.2275963020030817
0.23405899185560203
0.18898745322474136
0.26485582214395775
0.2840457847237508
0.2408386528725512
0.22186880915694474
0.24485141976667402
0.26852080123266564
0.2960774818401937
0.2882148360114462
0.21429011666299802
0.2829650011005943
0.2195905789126128
0.23801452784503632
0.24238388729914156
0.28003742020691175
0.1616420867268325
0.24935945410521687
0.21093550517279333
0.27102575390710987
0.2990138674884438
0.21543473475676866
0.28337001981069776
0.21394673123486685
0.23831388950033017
0.22616773057451028
0.27177635923398635
0.2743803653973146
0.283152102135153
0.2079572969403478
0.26169051287695355
0.23671802773497688
0.2076139115122166
0.23392912172573188
0.16686110499669823
0.2857142857142857
0.21148360114461814
0.21255778120184898
0.23487783403037643
0.295874972485142
0.27662117543473475
0.22556680607528068
0.2153929121725732
0.14478758529605987
0.22995597622716268
0.2663812458727713
0.26382346467092227
0.29592339863526307
0.25548095971824786
0.18289236187541275
0.19563504292317851
0.2214571868809157
0.2489654413383227
0.24847677745982832
0.29926260180497466
0.25733436055469955
0.21836891921637683
0.2719722650231125
0.23452564384767774
0.2600748404138235
0.29747963900506275
0.16167950693374425
0.26258199427690954
0.2441734536649791
0.14778780541492406
0.26234426590358795
0.255808936825886
0.19988994056790668
0.22895663658375526
0.2221439577371781
0.2425974025974026
0.17666299801893023
0.227475236627779
0.22898745322474134
0.2708694695135373
0.20442438917015188
0.2479220779220779
0.22924939467312352
0.2797754787585296
0.23819062293638565
0.2940611930442439
0.20123046445080345
0.2538564825005503
0.19326216156724632
0.22999339643407443
0.22759850319172356
0.17430112260620736
0.2105414924058992
0.2663658375522783
