0.32213515298261064
0.30908210433634165
0.2918798151001541
0.2877019590578913
0.3236539731454986
0.3073365617433414
0.27304644508034337
0.28075720889280215
0.3039467312348669
0.2506845696676205
0.3049086506713625
0.2258683689192164
0.23701298701298706
0.2797116442879155
0.2654391371340524
0.30057451023552717
0.25688751926040065
0.25519700638344706
0.2735879374862426
0.237112040501871
0.2782148360114462
0.2966872110939908
0.2606537530266344
0.24249174554259298
0.3187805414924059
0.2764098613251156
0.2663416244772177
0.2846379044684129
0.2542196786264583
0.22782742681047768
0.2914637904468413
0.31834250495267447
0.26246753246753246
0.26994276909531145
0.2841932643627559
0.2814043583535109
0.25467972705260844
0.21784063394232886
0.30443319392471935
0.28432313449262603
0.2918423948932424
0.25519260400616334
0.24184459608188424
0.31484261501210653
0.278696896324015
0.25589698437156067
0.34474356152322255
0.32278010125467754
0.3258045344486023
0.2740303764032577
0.2989544353951134
0.2600528285274048
0.25303984151441783
0.2587673343605547
0.3152234206471495
0.2573189522342065
0.26589918556020253
0.3007616112700859
0.28518379925159587
0.2993682588597843
0.25715606427470833
0.25823904908650674
0.23594541052168175
0.3029495927801013
0.2767928681488004
0.24723310587717365
0.28183799251595865
0.2805701078582435
0.24392912172573192
0.25087387189082105
0.322623816861105
0.32704600484261503
0.2990732995817742
0.2733634162447722
0.26757649130530486
0.307112040501871
0.2843341404358354
0.2755535989434295
0.24743121285494168
0.2742438917015188
0.24439577371780763
0.20215056130310366
0.2540479859123927
0.24333480079242792
0.2863878494386969
0.3063064054589479
0.261831388950033
0.2509839313229144
0.28471934844816205
0.3185780321373542
0.2542042703059652
0.2599295619634603
0.2727514858023333
0.29683909311027956
0.23399735857362977
0.2730904688531807
0.3101606867708563
0.2990358793748624
0.2988994056790667
0.2986242570988334
