0.10803213735417125
0.13904908650671363
0.07331719128329299
0.08580013207131852
0.043867488443759636
0.04407880255337882
0.07216376843495488
0.12311468192824125
0.0887343165309267
0.08784283513097073
0.08519260400616334
0.040070438036539736
0.05262601804974686
0.1079969183359014
0.08707241910631741
0.04718027734976888
0.015205811138014527
0.09866607968302885
0.0888795949812899
0.06851199647809818
0.08561743341404358
0.06205811138014529
0.15496808276469293
0.05363416244772177
0.040261941448382126
0.06766453885097953
0.055049526744442
0.14442659035879377
0.12403037640325777
0.1543385428131191
0.10569667620515077
0.08434734756768655
0.11100814439797493
0.02444419986792868
0.10073299581774157
0.09454105216817081
0.11281752146158924
0.1353532907770196
0.05395113361215056
0.05218357913273168
0.1289654413383227
0.06056790666960159
0.12148139995597623
0.036264582874752364
0.1340215716486903
0.08520140876073079
0.03057891261281092
0.09199207572088929
0.12589258199427691
0.1487101034558662
0.09299581774158046
0.09934404578472375
0.10987673343605547
0.11523882896764255
0.08983270966321814
0.10939907550077042
0.030796830288355715
0.09019370460048427
0.08283733215936606
0.12498128989654413
0.08017829627999119
0.13264142637023993
0.08085186000440238
0.05954655513977548
0.11673343605546996
0.07106317411402156
0.1489654413383227
0.052416905128769536
0.13577151661897424
0.12469953775038523
0.1118269865727493
0.1072903367818622
0.12049086506713626
0.13585736297600706
0.10195025313669381
0.08008364516839092
0.1324411182038301
0.04696896324014968
0.07121945850759409
0.03708782742681048
0.09827426810477657
0.04815320272947392
-0.0006273387629319833
0.06544353951133612
0.062476337222099936
0.06049526744441999
0.032014087607307944
0.0885031917235307
0.10129429892141757
0.11594981289896546
0.09497908870790227
0.11347127448822364
0.06286374642306845
0.1124058991855602
0.14709222980409423
0.09063614351749946
0.01955756108298481
0.1083579132731675
0.11279110719788685
0.11226502311248074
