0.3779572969403478
0.36786264582874756
0.2721637684349549
0.34770416024653317
0.3428483381025754
0.38122826326216164
0.36567026194144836
0.3382170372000881
0.3636341624477218
0.29135593220338984
0.3612854941668501
0.3638278670482061
0.3396984371560643
0.33411622276029057
0.34264802993616555
0.3614703940127669
0.3667466431873212
0.3324873431653093
0.3161941448382126
0.3770746202949593
0.3129033678186221
0.3383204930662558
0.35303103675985037
0.3342262821923839
0.3534756768655074
0.32585956416464895
0.3559035879374863
0.3556922738278671
0.32351089588377724
0.33505172793308385
0.36146819282412507
0.30393352410301566
0.3611314109619194
0.35689632401496807
0.348168611049967
0.3417785604226282
0.3280959718247854
0.3370195905789126
0.2798547215496368
0.3303764032577592
0.33146158925819946
0.362987012987013
0.3961082984811799
0.36409641206251375
0.35183579132731674
0.3170173893902708
0.3342615012106538
0.3308034338542813
0.3506735637244112
0.3355029716046665
0.3563174114021572
0.3047567686550738
0.3241866607968303
0.34151441778560426
0.3379903147699759
0.34412722870349993
0.34705260840854063
0.3462117543473476
0.3213735417125248
0.328036539731455
0.31869469513537313
0.3499251595861766
0.34069777679947166
0.33302223200528286
0.36554699537750385
0.3435197006383447
0.3272837332159366
0.3543913713405239
0.36627779000660365
0.352425709883337
0.3547567686550737
0.30068897204490425
0.32989654413383235
0.31185119964780983
0.3427162667840634
0.3113009024873432
0.3686572749284614
0.2883204930662558
0.3479462909971385
0.3264318732115342
0.33773277569887744
0.37530486462689855
0.3129275808936826
0.3418732115342285
0.3606075280651552
0.32447061413163114
0.3598613251155624
0.34009905348888403
0.3606757649130531
0.3440061633281972
0.3602157164869029
0.34577591899625804
0.3571340523882897
0.3066233766233767
0.34389170151882015
0.3197468633061854
0.3191195245432533
0.2943099273607748
0.33642967202289237
0.3462601804974687
