0.06901606867708562
0.006158925819942769
0.06795289456306405
-0.0087343165309267
-0.08482280431432973
0.02856262381686111
0.04851419766674004
0.0029958177415804537
0.02559322033898305
0.03407880255337883
0.03308826766453885
-0.017497248514197667
0.02583535108958838
-0.0019194364957076824
-0.04029275808936826
-0.045736297600704384
-0.026718027734976887
0.021461589258199427
0.047373981950253136
0.05070878274268104
0.019031476997578692
0.05920096852300242
0.07704600484261502
-0.01801452784503632
0.010506273387629321
0.01984591679506934
0.02834690732995818
0.014668721109399076
0.042835130970724195
0.030858463570327975
-0.02419986792868149
0.05650451243671582
0.018089368258859786
-0.015428131190843058
-0.07558881796169932
-0.055199207572088925
0.107376183138895
-0.01935285053929122
0.07614571868809157
-0.033310587717367376
-0.01794408980849659
0.014450803433854282
-0.02234206471494607
0.06385208012326657
0.02914593880695576
-0.037629319832709666
-0.0007946290997138455
0.05254237288135594
-0.009423288575830949
0.02216817081223861
0.05943869689632402
0.07390710983931323
-0.007292537970504073
-0.008866387849438698
0.09025974025974026
-0.010917895663658375
0.00963680387409201
0.004796390050627339
-0.005274047985912393
0.027083425049526745
0.010092449922958397
0.07238388729914154
0.008611049966982172
0.03765573409641206
0.030926700418225844
0.013438256658595642
0.0005128769535549197
0.00651551837992516
0.029035879374862426
0.029801893022232007
0.08698877393792648
0.0050979528945630645
0.027952894563064053
0.07478318291877614
-0.011373541712524764
-0.06055469953775039
-0.02938366718027735
0.04203389830508475
7.924279110719788e-05
0.031730134272507156
0.1085362095531587
0.04234426590358794
-0.023530706581554043
0.0666255778120185
0.06095531587057012
0.02223200528285274
-0.010024213075060531
0.04601804974686331
0.042903367818622064
0.1332775698877394
0.05187101034558662
0.048305084745762714
0.0741404358353511
0.00699537750385208
0.029687431212854942
-0.019082104336341624
0.10348888399735857
0.0032181377944089807
-0.034441998679286816
0.05368258859784285
0.03708122386088488
0.021470394012766892
-0.0026414263702399295
0.08001100594320933
0.04603125687871452
0.09596742240810037
0.045223420647149466
-0.004871230464450804
-0.007655734096412063
-0.010834250495267444
-0.00451683909311028
0.021311908430552497
0.004219678626458287
-0.043889500330178306
-0.06652432313449264
-0.03132731675104557
0.029436495707682152
-0.017646929341844596
0.07493066255778122
0.018655073739819505
0.020407219898745325
0.0053378824565265244
-0.003702399295619635
0.03411842394893243
0.030847457627118647
0.08711644287915475
-0.021263482280431435
0.010933303984151443
0.03454545454545455
-0.020270746202949594
0.02914813999559762
0.0314637904468413
-0.03617213295179397
0.026176535329077707
0.01852080123266564
-0.09233546114902047
0.03196346026854501
-0.04270085846357033
-0.016026854501430772
0.039084305524983494
0.05721109399075501
0.03188641866607969
0.037913273167510454
0.04794629099713845
-0.0224983491085186
0.01780541492405899
0.026964560862865947
0.026876513317191285
0.07061633281972265
-0.021443979749064493
0.015868368919216377
-0.0011005943209333041
0.0054325335681267885
0.07955976227162669
0.12809817301342727
0.06668060752806516
0.025034118423948933
0.03304864626898526
0.041974466211754345
-0.05723530706581554
-0.0149900946511116
0.02143297380585516
0.011256878714505836
-0.03857362976007044
-0.01214836011446181
0.022093330398415146
0.0022980409421087386
-0.017323354611490205
0.04291657495047326
-0.013548316090688971
-0.02386748844375963
0.04944530046224962
-0.013667180277349767
0.026491305304864626
-0.04219018269865728
0.05221219458507594
0.07316971164428791
0.029718247853841077
0.08849878934624697
0.0031234866828087167
