0.1692692053709003
0.21097952894563066
0.1535020911292098
0.183317191283293
0.19905348888399735
0.1610081443979749
0.20325996037860444
0.15437376183138896
0.2441976667400396
0.15995597622716265
0.20005723090468852
0.16546114902047107
0.1614769975786925
0.23286814880035217
0.19858243451463792
0.18690512876953558
0.057677745982830736
0.1947149460708783
0.1578296279991195
0.18804314329738062
0.15426150121065377
0.19212194585075942
0.21464450803433857
0.22355051727933087
0.15808056350429234
0.21101694915254235
0.21616332819722653
0.15605326876513317
0.2125181598062954
0.17031476997578696
0.14360994937266125
0.202128549416685
0.14081443979749064
0.13663438256658597
0.1925203609949373
0.1323816861104997
0.17498349108518602
0.15541492405899188
0.1350429231785164
0.23736737838432756
0.22234426590358794
0.15246753246753245
0.15739599383667183
0.21213295179396874
0.13849438696896327
0.17136473695795731
0.18953114681928243
0.16246313009024874
0.19230464450803433
0.10044023772837332
0.24709663218137795
0.18201188641866609
0.18597402597402599
0.19782302443319394
0.15064935064935067
0.17814439797490644
0.21436495707682146
0.15868148800352191
0.17238828967642528
0.1419898745322474
0.19433414043583538
0.16758309487123044
0.21349768875192607
0.14255998239049086
0.17857583094871232
0.19753686990975128
0.21281972265023114
0.15762271626678406
0.17378824565265244
0.17869249394673126
0.19690732995817745
0.1618798151001541
0.15505392912172572
0.18064935064935064
0.19092670041822588
0.163185119964781
0.17507814219678627
0.17879374862425712
0.1830486462689853
0.21078802553378828
0.1695839753466872
0.22724851419766673
0.2250759410081444
0.1470151882016289
0.19582434514637906
0.17833590138674885
0.2632467532467533
0.18993836671802775
0.16649790887079025
0.19651551837992517
0.17278670482060313
0.19203609949372663
0.24923178516398856
0.19859784283513096
0.18008804754567467
0.17506493506493506
0.19666960158485583
0.19358133392031696
0.16073519700638345
0.22926920537090031
