0.3894937266123707
0.42115122165969626
0.40956416464891043
0.4115870570107859
0.384076601364737
0.418084965881576
0.42625797930882675
0.4222386088487784
0.4025489764472815
0.4252014087607308
0.4122099933964341
0.3980343385428132
0.4080629539951574
0.4069029275808937
0.4209134932863746
0.4141074180057231
0.41331058771736745
0.41006163328197226
0.42711644287915473
0.4036671802773498
0.3986330618534009
0.39815100154083205
0.3873343605546996
0.39585956416464896
0.39093110279550963
0.3993550517279331
0.4336121505613031
0.4165859564164649
0.415775918996258
0.4241184239489324
0.39596742240810034
0.41643627558881796
0.38788685890380803
0.3917191283292978
0.43836891921637683
0.43027514858023336
0.43000220118864185
0.39744221879815106
0.40964120625137573
0.408201628879595
0.4114946070878274
0.41737838432753693
0.41290556900726394
0.38961479198767335
0.39761391151221664
0.3947171472595202
0.44402597402597405
0.3990402817521461
0.40835351089588373
0.4043319392471935
0.42481399955976235
0.4269293418445961
0.4242681047765794
0.40049086506713627
0.38575610829848117
0.4308320493066256
0.4225027514858024
0.41766453885097954
0.41521241470394016
0.40224741360334587
0.38960598723310585
0.42354611490204713
0.39899405679066696
0.38781421967862645
0.4142438917015188
0.41384327536869914
0.4272198987453225
0.41803874092009696
0.39702399295619645
0.37725071538630867
0.39167510455646054
0.4272265023112481
0.4372220999339644
0.41933964340744007
0.41224081003742025
0.40797490644948275
0.40188201628879594
0.4274180057230905
0.40872771296500116
0.39886638784943873
0.44116662998018935
0.410231124807396
0.42959718247853845
0.4415716486902928
0.42667840633942333
0.41084305524983494
0.4151287695355493
0.4002179176755448
0.40491745542593
0.39971384547655736
0.3788597842835131
0.42647369579572975
0.4152300242130751
0.40020911292097733
0.402113141096192
0.4034272507153864
0.41207572088928024
0.3935461149020471
0.41032577591899627
0.42114461809377063
