0.03708782742681048
0.08844375963020032
0.1254919656614572
0.040561303103675984
0.137079022672243
0.14911292097732776
0.045340083645168394
0.059480519480519474
0.08026194144838214
0.2101915034118424
0.010057230904688533
0.012337662337662338
0.08801893022232006
0.05118423948932423
0.07953334800792429
0.02649570768214836
0.0638234646709223
0.0925775918996258
0.043312788906009245
0.055388509795289455
0.013940127668941229
0.08246092890160688
0.08725291657495048
0.10774378164208674
0.11764252696456086
0.029669821703720012
0.05057010785824346
0.12341624477217698
0.06558881796169931
0.04403697996918336
0.07574950473255558
0.03928021131410962
0.14565265243231346
0.07025533788245653
0.03388289676425269
0.05151221659696236
0.04556460488663879
0.10370019810697777
0.1321351529826106
0.05811578252256219
0.07605987233105878
0.1346026854501431
0.0031609068897204494
-0.017574290116662998
0.014265903587937487
0.05790226722430113
0.07492846136913935
0.11696015848558222
0.09811578252256217
0.1475214615892582
0.08038080563504293
0.1435329077701959
0.02584195465551398
0.010988333700198107
0.10801232665639444
0.14055469953775038
0.1260444640105657
0.12471274488223641
0.011622276029055691
0.056368038740920105
0.09886418666079684
0.1294673123486683
0.06184459608188422
0.09279330838652873
0.07363856482500551
0.009405679066696017
0.1415166189742461
0.06204270305965222
0.09075720889280213
0.1849702839533348
0.1317081223860885
0.15230904688531807
0.1428351309707242
0.04263482280431433
0.08915914593880696
0.12703059652212195
0.07535549196566145
0.12172132951793971
0.12605326876513318
0.10080783623156506
0.03637684349548757
0.15153422848338102
0.13161127008584636
0.002566585956416465
0.09137574290116662
0.06246753246753247
0.05086066475896985
0.14835130970724192
0.15858903808056352
0.0238762931983271
0.05129429892141756
0.14251595861765354
0.09164869029275809
0.1336187541272287
0.07703279771076382
0.01318071758749725
0.05600484261501211
0.014464010565705482
0.07367598503191725
0.01417345366497909
