-0.08816420867268325
-0.07549416685009906
-0.04540171692714065
-0.037745982830728594
-0.02895003301782963
-0.04600264142637024
-0.1523948932423509
-0.08966762051507815
-0.05472154963680387
-0.0224323134492626
-0.08446841294298922
-0.02660576711424169
-0.04396874312128549
-0.17231565045124367
-0.027387189082104337
-0.1374554259300022
-0.06849878934624698
-0.021846797270526085
-0.12412722870349989
-0.08604666519920758
-0.08952674444199868
-0.07611049966982171
-0.14559982390490867
-0.057094430992736075
-0.09030596522121948
-0.13441998679286815
-0.060504072198987464
-0.09711644287915475
-0.1162029495927801
-0.08363636363636365
-0.07102575390710984
-0.043169711644287914
-0.030891481399955976
-0.05179176755447942
-0.16899405679066695
0.0026348228043143298
-0.07225401716927142
-0.06672463130090249
-0.09177195685670263
-0.09971824785384108
-0.09360994937266123
-0.12334360554699539
-0.11888839973585737
-0.03572969403477878
-0.1332445520581114
-0.07745982830728594
-0.05291437376183139
-0.09997138454765575
-0.050482060312568786
0.05793088267664539
-0.039832709663218134
-0.10654853620955317
-0.14255558001320714
-0.09499889940567907
-0.05509795289456307
-0.112755888179617
-0.09947391591459388
-0.012595201408760732
-0.09602025093550517
-0.0648382126348228
-0.03449262601804975
0.018021131410961917
-0.031091789566365838
-0.06575610829848118
-0.05563064054589479
-0.10146379044684128
-0.1107990314769976
-0.020944309927360776
-0.010739599383667182
-0.045982830728593445
-0.09810037420206912
-0.12580013207131852
-0.15863306185340084
-0.12522121945850762
-0.03151441778560422
-0.13481620074840414
-0.036350429231785164
-0.0460774818401937
-0.009244992295839754
-0.06885758309487124
-0.1452344265903588
-0.011835791327316752
-0.07711644287915474
-0.11993836671802775
-0.03723530706581554
-0.14012766894122825
-0.07575830948712305
-0.09780321373541713
-0.015608628659476119
-0.04158485582214396
-0.028399735857362978
-0.10908650671362537
-0.1670482060312569
-0.1394012766894123
-0.07836011446180939
-0.05064054589478318
-0.07186880915694475
-0.04203609949372661
-0.03222320052828528
-0.07870790226722431
