0.10442879154743562
0.11424389170151883
0.10483821263482282
0.12099933964340745
0.0974488223640766
0.0727360774818402
0.05720889280211314
0.10837992515958618
0.05570548095971825
0.09390050627338764
0.09202289236187541
0.11747083425049529
0.1172375082544574
0.07929121725731895
0.10265903587937485
0.10623376623376624
0.0902575390710984
0.1421219458507594
0.0941470394012767
0.11059652212194586
0.10430332379484922
0.09721329517939688
0.09931543033237948
0.108135593220339
0.10895883777239708
0.1263174114021572
0.05792648029936165
0.06941448382126347
0.10958177415804535
0.11858683689192166
0.10091789566365839
0.0776535329077702
0.06101034558661678
0.07686110499669821
0.11144177856042263
0.08635263042042704
0.10217257318952236
0.11515958617653535
0.04988773937926481
0.1160378604446401
0.08401276689412283
0.12181818181818183
0.031851199647809816
0.10514417785604227
0.05099713845476557
0.16370239929561967
0.10478758529605986
0.11318511996478099
0.10946511116002643
0.09782522562183579
0.15347127448822365
0.11648690292758089
0.09457186880915695
0.11219678626458288
0.11924719348448164
0.07217917675544794
0.07307946290997139
0.1399405679066696
0.08486242570988334
0.11576931543033236
0.0978582434514638
0.10431873211534229
0.08341184239489326
0.09842615012106537
0.12710763812458728
0.09755668060752806
0.07482940788025534
0.05191943649570769
0.12390931102795512
0.0800198106977768
0.07676645388509795
0.0723464670922298
0.08436055469953777
0.08472375082544574
0.10038080563504292
0.11068456966762052
0.08454765573409642
0.0739489324235087
0.09226722430112261
0.07976667400396215
0.12451463790446843
0.1009024873431653
0.062471934844816196
0.08432753686990976
0.08631080783623157
0.09012106537530265
0.09864847017389392
0.09584415584415586
0.08697776799471714
0.08229363856482501
0.06023992956196346
0.08750605326876512
0.06948272066916135
0.10996257979308828
0.07329077701959058
0.12695135373101477
0.11068456966762052
0.0903830068236848
0.1088861985472155
0.09923178516398855
