0.028954435395113366
0.07996918335901386
-0.012782302443319394
0.00816420867268325
0.09996478098173014
0.012850539291217258
0.01850759410081444
0.009233986352630421
0.0787739379264803
0.06071538630860665
0.04969843715606428
0.021686110499669824
0.06865507373981951
-0.014404578472375085
0.13935285053929122
0.09971824785384108
-0.05907109839313229
-0.007565485362095532
-0.005949812898965442
-0.01852080123266564
-0.00640545894783183
-0.010695575610829849
0.0948668280871671
0.0750033017829628
0.04831609068897205
0.07355491965661458
0.004902047105436937
0.09530706581554041
0.03576711424169052
0.09375963020030818
0.06244992295839754
0.0720493066255778
-0.04713625357693155
0.08968523002421308
0.06326876513317192
0.019971384547655735
0.00014307726172132953
-0.014395773717807618
0.08053709002861546
-0.07496147919876733
0.1048712304644508
0.012181377944089808
-0.020988333700198106
0.11691173233546114
0.08414263702399295
0.03199647809817301
0.07464230684569668
0.01439357252916575
0.04428131190843056
0.1052872551177636
-0.06000220118864187
0.09856042262821925
-0.02798811358133392
0.057792207792207805
-0.023068456966762053
0.07522342064714946
0.0695905789126128
-0.005320272947391591
0.006935945410521682
0.006605767114241692
0.046339423288575834
0.03680827646929342
0.08762931983270966
0.035263042042703065
0.11517939687431214
-0.03209112920977328
0.024681928241250272
0.005494166850099054
0.03157825225621836
0.048102575390710986
-0.015163988553819062
0.02095311468192824
0.04466651992075721
0.06915474356152322
0.06800572309046886
0.07881576051067578
0.10430332379484922
0.013072859344045786
0.011406559542152764
0.017959498128989657
-0.05463130090248734
0.04466431873211535
0.08198327096632181
0.08643627558881797
0.047805414924059
0.032949592780101254
0.0072198987453224745
0.010341184239489326
-0.01792868148800352
0.10258199427690953
0.0035439137134052386
0.04839313229143738
0.02093330398415144
0.07596081884217477
0.1002839533348008
0.09488223640766014
0.06320713185119965
0.08113141096191945
-0.034763372220999345
0.06359674224081005
