0.26205811138014534
0.2504160246533128
0.2480057230904689
0.2686924939467312
0.21398855381906232
0.2399361655293859
0.2285031917235307
0.2749724851419767
0.22162667840633946
0.2343253356812679
0.20799911952454325
0.3027382786704821
0.22073299581774158
0.2419260400616333
0.22994717147259522
0.22054149240589918
0.24803874092009687
0.23669601584855826
0.25044243891701523
0.2214593880695576
0.19846577151661898
0.24905348888399734
0.2522011886418666
0.22909971384547656
0.20974025974025973
0.24430552498349112
0.23284173453664983
0.17028615452344267
0.24463790446841296
0.23989434294519038
0.2404556460488664
0.23008584635703283
0.2206207351970064
0.29048426150121065
0.24978648470173895
0.23409200968523006
0.2148800352190183
0.19953334800792427
0.21024213075060535
0.2756834690732996
0.23868589038080562
0.24499669821703723
0.22364296720228924
0.26544353951133615
0.2544970283953335
0.21260840854061192
0.20349768875192606
0.2140391811578252
0.23968082764692933
0.2657913273167511
0.20367378384327536
0.20595641646489102
0.21981069777679946
0.24590138674884437
0.25653312788906013
0.27516839093110285
0.24954215276249175
0.2350979528945631
0.25100374202069115
0.2025643847677746
0.25784063394232887
0.22222540171692717
0.25736297600704383
0.2402377283733216
0.21472375082544579
0.21420867268324895
0.262491745542593
0.22874752366277792
0.2806977767994717
0.22762491745542593
0.23324675324675323
0.1939291217257319
0.19710983931322915
0.26325335681267886
0.20817961699317633
0.21551617873651774
0.2226964560862866
0.23542593000220124
0.2776183138895003
0.22750605326876513
0.2600154083204931
0.18689192163768437
0.23419326436275592
0.2324719348448162
0.21245872771296498
0.23525423728813563
0.1858265463350209
0.22771736737838433
0.2344243891701519
0.2249108518600044
0.22332159366057672
0.24688751926040062
0.28727052608408543
0.19739599383667183
0.2752278230244332
0.22308826766453885
0.26399955976227163
0.18617213295179397
0.20957957296940347
0.2480805635042923
0.22374422187981513
0.27033898305084747
0.2578010125467753
0.27930442438917014
0.2296896324014968
0.23281311908430552
0.30889720449042485
0.23597402597402597
0.21635923398635265
0.2200132071318512
0.2304248294078803
0.2497952894563064
0.24519920757208893
0.2372991415364297
0.25640986132511556
0.24297600704380365
0.2771912832929782
0.22451243671582655
0.2337728373321594
0.22663218137794414
0.2664604886638785
0.22761171032357472
0.21214175654853623
0.23077481840193706
0.20667620515078144
0.2749570768214836
0.23261060972925382
0.2344243891701519
0.1753731014747964
0.24127228703499892
0.20246753246753246
0.2553400836451684
0.19781201848998461
0.20063834470614136
0.20823904908650673
0.23313669381465993
0.24801452784503633
0.22438917015188203
0.2354369359454105
0.2312348668280872
0.26356592559982395
0.22527404798591238
0.22131851199647812
0.2638190622936386
0.2362513757429012
0.254653312788906
0.2703191723530706
0.284191063174114
0.1867576491305305
0.2188091569447502
0.24400396213955536
0.23334580673563723
0.2531300902487343
0.23232225401716927
0.2316090688972045
0.24705040721989877
0.23003081664098615
0.19163988553819064
0.20420206911732333
0.1925665859564165
0.2471846797270526
0.246304204270306
0.2494188861985472
0.23646489104116225
0.23132731675104554
0.25863306185340085
0.21654413383226948
0.21599603786044466
0.21871230464450805
0.25644728153202734
0.2443759630200308
0.19838212634822805
0.20742020691173235
0.2564318732115342
0.27492185780321376
0.27098393132291443
0.26759850319172357
0.21636803874092012
0.24416905128769537
0.240066035659256
0.23019150341184239
0.22107197886858904
0.2580387409200968
0.2196830288355712
0.27952894563064057
0.22933083865287257
0.23245652652432316
0.21727492846136917
0.2540677966101695
0.24926040061633284
0.2135197006383447
0.24472815320272945
0.3014109619194365
0.15876513317191285
0.21642967202289234
0.2631432973805855
0.22883777239709444
0.2599625797930883
0.1917279330838653
0.23429451904028176
