0.1580167290336782
0.13637904468412945
0.1768390931102796
0.14934624697336563
0.12212194585075942
0.1500132071318512
0.15691173233546116
0.13025533788245655
0.12412282632621616
0.12813119084305527
0.12692053709002862
0.1491503411842395
0.15940347787805417
0.17458727712965003
0.134455205811138
0.1469557561082985
0.1401386748844376
0.11169051287695356
0.13112920977327758
0.11901386748844375
0.14425709883337
0.1419700638344706
0.12828747523662778
0.10614791987673344
0.1473233546114902
0.14614791987673342
0.15636803874092012
0.13167290336781862
0.1113119084305525
0.13741140215716488
0.1196786264582875
0.1408782742681048
0.11755888179616993
0.1267114241690513
0.13616993176315212
0.18070658155403918
0.1584965881576051
0.165989434294519
0.1424323134492626
0.14712965001100595
0.12802993616552938
0.13590799031477
0.13472595201408763
0.11837112040501872
0.17774818401937045
0.14313669381465993
0.1552410301562844
0.1711005943209333
0.13035439137134053
0.12261060972925379
0.1562821923838873
0.10747083425049525
0.1402707462029496
0.08864847017389389
0.13079462909971384
0.185841954655514
0.16617433414043584
0.10262381686110501
0.15334580673563725
0.12441558441558441
0.13204050187101035
0.12898305084745762
0.117310147479639
0.13722870349988994
0.16080563504292317
0.11947611710323576
0.13738058551617874
0.14225621835791327
0.15855602025093551
0.1541206251375743
0.13307946290997139
0.12744662117543473
0.13286374642306847
0.14448162007484044
0.13801893022232006
0.14521241470394014
0.15018930222320054
0.15020911292097733
0.13449922958397537
0.1355029716046665
0.14188421747743782
0.14394453004622498
0.14853180717587497
0.14692493946731236
0.13111160026414262
0.12352630420427031
0.15341844596081886
0.1201782962799912
0.14277129650011008
0.1271516618974246
0.1514769975786925
0.1647083425049527
0.07773057451023553
0.13244331939247192
0.10026854501430772
0.1325071538630861
0.13112480739599383
0.1482148360114462
0.16348888399735859
0.11840854061193044
