-0.14162447721769755
-0.14235747303543916
-0.13969403477878056
-0.18465111160026418
-0.18812458727712963
-0.12417785604226282
-0.16116442879154744
-0.14946290997138456
-0.16285274047985912
-0.17099273607748186
-0.28653532907770196
-0.11529385868368919
-0.2502179176755448
-0.17906229363856482
-0.15694475016508916
-0.18911071978868588
-0.2612084525643848
-0.22222760290556898
-0.1394673123486683
-0.21009905348888402
-0.13727712965001101
-0.13213075060532686
-0.15110939907550075
-0.19798371120405017
-0.08179396874312128
-0.09524543253356813
-0.24289896544133835
-0.13427690953114685
-0.24996257979308825
-0.17690072639225182
-0.1556416464891041
-0.17346907329958178
-0.24036099493726615
-0.19090909090909092
-0.11718247853841074
-0.18464230684569666
-0.17577151661897428
-0.19046004842615014
-0.25176535329077704
-0.2373783843275369
-0.17527624917455426
-0.19363196125907992
-0.23582654633502093
-0.15909751265683472
-0.18241470394012768
-0.11045564604886639
-0.24572749284613696
-0.14775698877393795
-0.22763812458727714
-0.1691635483160907
-0.16242570988333702
-0.224818401937046
-0.16223860884877836
-0.22280871670702182
-0.20630640545894785
-0.14681488003521903
-0.15954875632841736
-0.17497908870790227
-0.19035659255998238
-0.1544684129429892
-0.18162007484041381
-0.20360994937266125
-0.1430838652872551
-0.14167510455646048
-0.24475896984371562
-0.11440457847237509
-0.20224301122606206
-0.18920096852300242
-0.2211622276029056
-0.1462161567246313
-0.13747303543913714
-0.15672463130090247
-0.22333259960378607
-0.21230904688531807
-0.19942108738718906
-0.18800132071318512
-0.1383513097072419
-0.20631961259079906
-0.17901606867708564
-0.1473783843275369
-0.2287871450583315
-0.20009024873431655
-0.1853929121725732
-0.13000440237728372
-0.14191943649570768
-0.24676205150781422
-0.19074400176095094
-0.08205150781421969
-0.16933524103015632
-0.07134052388289676
-0.20230244331939246
-0.1292824125027515
-0.2337640325775919
-0.22849438696896326
-0.23506713625357695
-0.16004842615012108
-0.17935725291657495
-0.16612150561303105
-0.19148139995597624
-0.17352190182698657
