0.20179837112040502
0.24732335461149021
0.1426172132951794
0.19059872331058772
0.16583094871230467
0.22129429892141758
0.23400616332819724
0.20546114902047108
0.17920096852300244
0.13527184679727053
0.18423288575830948
0.1699361655293859
0.21289016068677086
0.20357032797710764
0.21702179176755454
0.22204930662557784
0.1663878494386969
0.20528505392912172
0.17884437596302002
0.18941228263262164
0.1943385428131191
0.23768655073739822
0.12825225621835792
0.19598503191723532
0.1699889940567907
0.1309289016068677
0.1765265243231345
0.18874972485141975
0.19715606427470833
0.20577151661897428
0.2271406559542153
0.13785384107418006
0.2425115562403698
0.1529738058551618
0.22432973805855164
0.17941448382126352
0.18252696456086284
0.15637464230684572
0.2401452784503632
0.21645608628659477
0.21707462029495925
0.17979308826766452
0.19669601584855825
0.21261281091789566
0.22499449702839536
0.15737398195025312
0.23934624697336565
0.13221439577371782
0.12730794629099715
0.15988553819062293
0.15992075720889282
0.21218798151001542
0.2063240149680828
0.16392031697116444
0.22088487783403038
0.16689852520360995
0.15608188421747746
0.23483160906889722
0.16877613911512218
0.16471714725952014
0.15685890380805637
0.1790578912612811
0.2073387629319833
0.22643847677745982
0.22282632621615675
0.19106977767994718
0.22554259300022012
0.12528945630640545
0.15016508914814
0.13920757208892803
0.17729694034778778
0.20418225841954657
0.19641426370239928
0.18118203830068236
0.1965661457186881
0.12027514858023333
0.2275963020030817
0.14401937046004842
0.23489544353951133
0.1973387629319833
0.1824873431653093
0.17744441998679286
0.19740039621395553
0.18469073299581776
0.20131631080783627
0.1359322033898305
0.1639467312348668
0.22084085406119308
0.21350429231785167
0.21045784723750827
0.20935285053929126
0.2736407660136474
0.17233105877173674
0.16855381906229366
0.17358573629760074
0.19108518600044028
0.22712744882236408
0.18808716707021794
0.20127668941228266
0.20214615892581997
0.22598283072859346
0.1669623596742241
0.23096632181377943
0.19669161347127448
0.14188201628879596
0.18376843495487563
0.27529826106097294
0.1982280431432974
0.20071758749724852
0.2249306625577812
