-0.1256636583755228
-0.033878494386968966
-0.07071318511996479
0.037503852080123266
-0.053033237948492185
-0.028934624697336566
-0.055870570107858245
-0.05131190843055251
-0.0811534228483381
-0.08077041602465332
-0.03971824785384108
-0.10798591239269205
-0.1900726392251816
-0.035097952894563064
-0.08619854721549637
0.00897424609289016
-0.08271406559542152
-0.12279771076381246
-0.03837552278230245
-0.08009685230024213
-0.0673035439137134
-0.08879154743561525
-0.06354831609068896
-0.016310807836231567
-0.07427030596522122
-0.024981289896544134
-0.0679903147699758
-0.06333480079242793
-0.08300022011886418
-0.12125687871450584
-0.09590358793748625
-0.1133215936605767
-0.09392692053709004
-0.08443319392471936
-0.03299141536429673
-0.08723310587717369
-0.05238608848778341
-0.09123706801672904
-0.010594320933303984
-0.006172132951793969
-0.055014307726172135
-0.08152762491745542
-0.036911732335461155
-0.07184459608188422
-0.051399955976227166
-0.019145938806955757
-0.030801232665639444
-0.027862645828747527
-0.07318291877613912
-0.05658155403918115
-0.0025907990314769976
-0.06368038740920097
-0.08747523662777902
-0.06224521241470395
-0.10110939907550079
-0.11784063394232887
-0.09197006383447062
-0.0629077701959058
-0.04375522782302444
-0.1328351309707242
-0.05450363196125908
-0.09570327977107639
-0.06560642747083426
-0.0984635703279771
-0.08993176315210215
-0.059966982170372
-0.062441118203830075
-0.0003697996918335902
-0.11071978868589039
-0.054886638784943875
-0.04170592119744663
-0.05089808496588157
-0.12097952894563063
-0.038060752806515524
-0.10947611710323575
-0.009663218137794409
-0.10893242350869468
-0.060539291217257325
-0.06133392031697117
-0.03988553819062294
-0.08346467092229803
-0.07258639665419327
-0.1093880695575611
-0.07171912832929782
-0.01551617873651772
-0.04252036099493727
0.006319612590799033
-0.057915474356152324
-0.03380145278450363
-0.08631300902487343
-0.06385428131190844
-0.08674664318732116
-0.055265243231344935
-0.046920537090028615
-0.044232885758309484
-0.08398635263042042
-0.06939027074620295
-0.008729914153642966
0.02064935064935065
-0.07098613251155625
