0.05419546555139775
-0.09906229363856484
0.03324895443539512
0.04775698877393793
-0.018082764692934187
-0.028034338542813123
-0.03368258859784284
0.028128989654413388
0.005009905348888399
-0.04436715826546335
-0.0016574950473255557
-0.08037640325775919
0.0677856042262822
-0.08743121285494168
-0.062251815980629545
0.06888619854721549
-0.03022232005282853
-0.02280871670702179
0.03349768875192604
0.04657715166189743
0.008551617873651773
-0.03850319172353071
-0.025428131190843056
-0.01417345366497909
-0.016526524323134492
-0.019324235086946955
0.046570548095971824
-0.00034778780541492405
-0.022848338102575392
-0.0017103235747303546
0.09261941448382127
-0.011961259079903148
-0.01292097732775699
0.012172573189522343
-0.017479639005062733
0.06386748844375964
-0.06668721109399076
-0.04766894122826326
-0.02574290116662998
-0.06626458287475237
0.0263944530046225
-0.07121505613031037
0.041908430552498356
0.012608408540611932
0.020103455866167734
0.024243891701518822
-0.036889720449042485
-0.025683469073299586
0.008016729033678185
-0.010766013647369581
-0.00865727492846137
-0.028357913273167508
0.012293638564825005
-0.06611270085846357
0.07334580673563725
-0.027365177195685673
0.002051507814219679
-0.020363196125907996
0.0010609729253797052
0.003675985031917235
-0.022619414483821265
0.031679506933744224
-0.07467972705260842
0.03802553378824565
0.0274884437596302
0.02185560202509355
0.017633722209993395
-0.0650693374422188
0.01795069337442219
0.006651992075720889
0.03598062953995158
-0.06434294519040282
0.10763812458727713
-0.03369359454105217
0.015075941008144397
0.0851683909311028
0.02970944309927361
-0.029247193484481626
-0.028967642526964564
-0.05813339203169712
-0.019665419326436277
-0.05949152542372882
-0.013491085186000439
0.07846577151661899
-0.08456306405458948
0.09273827867048208
-0.026031256878714507
-0.0006647589698437156
-0.034787585296059874
0.00649570768214836
-0.12658155403918117
0.018261060972925378
0.11052388289676426
-0.020585516178736517
-0.05530266343825666
0.042874752366277795
0.027812018489984595
-0.02450363196125908
0.016044464010565706
-0.004472815320272948
