0.19910631741140217
0.1963746423068457
0.23894342945190403
0.21454325335681268
0.23888179616993177
0.19481620074840414
0.23330398415144177
0.20108518600044026
0.22091569447501652
0.2135879374862426
0.23861765353290776
0.22391371340523883
0.2313383226942549
0.23395993836671805
0.19692493946731235
0.22940567906669604
0.2103896103896104
0.24665419326436275
0.21362315650451244
0.20154963680387408
0.21930662557781205
0.23471934844816203
0.1914307726172133
0.17233766233766235
0.23971604666519924
0.2142262821923839
0.22392251815980632
0.22814659916354835
0.21487563284173455
0.17578032137354174
0.225280651551838
0.2561171032357473
0.1962491745542593
0.2338917015188202
0.23432093330398415
0.18655734096412063
0.23207351970063836
0.21656834690732996
0.2205767114241691
0.21612810917895664
0.20790226722430113
0.23814439797490644
0.2454149240589919
0.25876513317191285
0.219636803874092
0.2433237948492186
0.22889280211314111
0.23130530486462691
0.24044023772837333
0.2095135373101475
0.26939247193484483
0.20178296279991195
0.2154809597182479
0.2244904248294079
0.1804424389170152
0.2514725952014088
0.24705260840854062
0.17603125687871451
0.1778450363196126
0.2188069557561083
0.22924939467312352
0.23450363196125912
0.18762931983270967
0.2435593220338983
0.2599493726612371
0.2145740699977988
0.2408232445520581
0.2036605767114242
0.20741360334580675
0.18629980189302225
0.18656834690732996
0.2688861985472155
0.17934624697336565
0.23111160026414265
0.22807175874972485
0.21578912612810922
0.22904028175214616
0.22949592780101258
0.2422165969623597
0.22890821043363416
0.20478758529605984
0.22337001981069776
0.19815100154083204
0.25444860224521243
0.18741580453444862
0.18960818842174776
0.1791437376183139
0.1854831609068897
0.24531807175874973
0.26569887739379267
0.18926700418225845
0.17547215496368038
0.18457847237508254
0.22716266784063394
0.22567466431873212
0.2306669601584856
0.20134272507153864
0.2399427690953115
0.22882456526524328
0.1839093110279551
