0.21811358133392034
0.22104556460488664
0.17789786484701742
0.20399955976227163
0.21219018269865728
0.2605833149900947
0.23098613251155625
0.25511116002641426
0.20008364516839094
0.20740479859123928
0.27456306405458947
0.23321593660576714
0.18942548976447282
0.16907550077041603
0.1668170812238609
0.2320250935505173
0.18816640986132513
0.19249394673123488
0.18909090909090912
0.1639951573849879
0.16802773497688753
0.2392009685230024
0.1948976447281532
0.2293286374642307
0.19875632841734536
0.19738278670482065
0.19362095531587056
0.21175214615892585
0.26090688972044906
0.21073079462909972
0.21856922738278672
0.16698437156064277
0.19902267224301123
0.18580673563724412
0.2221219458507594
0.21993836671802777
0.1639313229143738
0.24241250275148582
0.21218357913273167
0.23383006823684788
0.2803213735417125
0.2287937486242571
0.2333436055469954
0.2460136473695796
0.2874708342504953
0.21575390710983933
0.20298040942108736
0.28020030816640984
0.20618534008364517
0.20854501430772618
0.2101716927140656
0.21100154083204933
0.19272727272727275
0.2434800792427911
0.2458617653532908
0.2473893902707462
0.21016949152542375
0.20694695135373103
0.20880695575610833
0.21721769755668063
0.14201848998459168
0.19979528945630642
0.2018732115342285
0.22866387849438694
0.16144397974906452
0.20944530046224963
0.20156724631300904
0.22484261501210653
0.240099053488884
0.1835791327316751
0.18326656394453006
0.19268104776579356
0.2305414924058992
0.2390490865067136
0.22399515738498788
0.1832577591899626
0.21823244552058113
0.25079903147699756
0.2010675764913053
0.2157296940347788
0.21683909311027957
0.21536649790887077
0.18745982830728594
0.1819238388729914
0.20150781421967864
0.1800748404138235
0.25244331939247194
0.24350429231785167
0.22576711424169052
0.1798635263042043
0.22738939027074626
0.18186880915694476
0.23263482280431433
0.22760070438036537
0.1368963240149681
0.19871010345586618
0.20138454765573408
0.24348668280871671
0.26450583314990095
0.2555205811138015
