0.15330178296279992
0.19041162227602906
0.19347787805414926
0.1457142857142857
0.11312568787145058
0.25558001320713186
0.17215936605767113
0.1425181598062954
0.13426150121065375
0.14862425709883337
0.16432973805855164
0.1869403477878054
0.1865199207572089
0.16128989654413384
0.12495267444419987
0.201930442438917
0.17234426590358795
0.17666079683028837
0.08027514858023332
0.26859123926920536
0.17648910411622276
0.10072419106317412
0.17541492405899187
0.16774598283072858
0.20078362315650455
0.15625137574290118
0.13382346467092232
0.09352190182698658
0.17917235307065818
0.14850979528945632
0.11524543253356814
0.12126788465771518
0.18649130530486463
0.17209993396434076
0.15480959718247855
0.1687893462469734
0.14788906009244995
0.14900066035659257
0.21535769315430334
0.15589918556020252
0.1891283292978208
0.15438036539731453
0.2196522121945851
0.13616552938586837
0.12640325775918998
0.16156724631300903
0.11830288355712085
0.09393352410301564
0.18326876513317195
0.17195025313669382
0.16692934184459607
0.1167444419986793
0.13090028615452345
0.1406471494607088
0.18116442879154743
0.002379484921857803
0.15196566145718687
0.20522342064714946
0.17028835571208453
0.1952278230244332
0.15982390490865067
0.19368258859784285
0.12592119744662117
0.09879815100154085
0.09971384547655733
0.2025269645608629
0.18094430992736077
0.12949152542372883
0.1501122606207352
0.24308386528725517
0.15262381686110502
0.14658155403918116
0.14706581554039183
0.1788685890380806
0.17396654193264363
0.1650429231785164
0.13935285053929122
0.16158485582214396
0.1461787365177196
0.20273607748184022
0.1714241690512877
0.09306845696676207
0.18277790006603567
0.09653753026634383
0.18110939907550078
0.21961038961038962
0.2522650231124808
0.24119084305524985
0.11542813119084307
0.19680827646929344
0.12446621175434734
0.16484921857803214
0.21161787365177198
0.16612590799031476
0.1555756108298481
0.20808496588157605
0.1909971384547656
0.10134712744882236
0.16666079683028837
0.20738498789346252
