0.20596742240810037
0.157376183138895
0.19633942328857584
0.17780321373541713
0.13777239709443098
0.13835351089588377
0.19007704160246536
0.21029275808936826
0.14154083204930662
0.18536869909751266
0.167904468412943
0.1622209993396434
0.15590138674884438
0.15753246753246755
0.16459388069557562
0.12732995817741583
0.20362976007043804
0.20788245652652432
0.16747743781642085
0.1563504292317852
0.11487563284173453
0.14431653092670044
0.1977327756988774
0.22186660796830288
0.18945630640545896
0.1910037420206912
0.11623816861104996
0.1733876293198327
0.15365617433414044
0.1523618754127229
0.20100594320933307
0.24721549636803877
0.18975346687211095
0.18656394453004624
0.1593418445960819
0.19491305304864628
0.16514417785604227
0.17290777019590578
0.19513977547875855
0.19692493946731235
0.18845476557340965
0.1713075060532688
0.16348228043143298
0.18196786264582876
0.12843935725291658
0.19329077701959058
0.12917675544794188
0.17304864626898528
0.21046665199207576
0.16153422848338106
0.10748844375963021
0.21978648470173898
0.14171252476337223
0.14207572088928022
0.186847897864847
0.17749064494827207
0.18806075280651552
0.1697116442879155
0.18931322914373763
0.22465111160026416
0.1921087387189082
0.14186220559101917
0.14711204050187102
0.13810697776799472
0.19684349548756327
0.1730508474576271
0.13434954875632843
0.18182918776139118
0.19156504512436717
0.1837992515958618
0.2072837332159366
0.16435395113361215
0.1907109839313229
0.19747083425049528
0.22008804754567468
0.15999119524543254
0.14119524543253356
0.17248954435395114
0.15391371340523885
0.16033898305084746
0.12338102575390711
0.17246092890160686
0.1887079022672243
0.18320272947391594
0.09851639885538191
0.19442879154743561
0.21605546995377506
0.1465595421527625
0.13071758749724852
0.16967642526964563
0.15447501650891482
0.13941448382126348
0.19383887299141536
0.16444640105657057
0.1891723530706582
0.1615430332379485
0.14571868809156946
0.15884437596302003
0.12964780981730137
0.17670702179176756
0.14249614791987675
0.19146379044684134
0.11228483381025756
0.18473695795729694
0.16534228483381028
0.20539291217257322
0.11364516839093111
0.21527624917455426
0.14493726612370683
0.1212854941668501
