0.16286154523442659
0.17765353290777022
0.13696676205150782
0.13097732775698878
0.12062733876293198
0.11349548756328419
0.15388509795289457
0.14979749064494827
0.19646489104116227
0.17122386088487787
0.1495597622716267
0.15795509575170594
0.14101694915254237
0.13066035659256
0.15307506053268766
0.13672683248954434
0.13781421967862648
0.12467972705260844
0.12122826326216157
0.1343825665859564
0.12844375963020033
0.15032137354171252
0.12232885758309489
0.13558001320713187
0.11464670922298041
0.12524983491085187
0.11880915694475018
0.18132071318511997
0.1507528065155184
0.15390710983931324
0.1516949152542373
0.11686110499669822
0.1570019810697777
0.1406669601584856
0.14978428351309706
0.13942328857583094
0.12212854941668501
0.1578120184899846
0.16939247193484483
0.12705040721989874
0.16213955535989433
0.1339049086506714
0.13716927140655957
0.11213955535989434
0.13306405458947831
0.16763152102135154
0.12099493726612372
0.12639225181598063
0.14724851419766677
0.13963900506273388
0.12805194805194806
0.09979969183359014
0.11328637464230686
0.12209993396434077
0.11762051507814221
0.1229143737618314
0.13718908210433636
0.11617433414043583
0.1265001100594321
0.13957517059211974
0.11762711864406782
0.13090688972044906
0.13509355051727934
0.12939687431212857
0.13076821483601145
0.14449482720669163
0.15323134492626017
0.1531785163988554
0.11265903587937488
0.12741800572309048
0.11302883557120846
0.13922518159806296
0.09902267224301123
0.11312788906009245
0.13992515958617655
0.10441998679286815
0.14194585075941007
0.11402377283733217
0.16899185560202512
0.11735197006383448
0.1381091789566366
0.12377503852080123
0.1049108518600044
0.14162667840633944
0.1699603786044464
0.1344177856042263
0.17348668280871674
0.17106757649130533
0.14616112700858463
0.13026634382566588
0.13380805635042922
0.14581113801452786
0.10181818181818182
0.10656614571868811
0.15492846136913935
0.19561303103675987
0.1324983491085186
0.1241008144397975
0.15246092890160687
0.16246092890160688
