0.1844111820383007
0.10093110279550957
0.1324455205811138
0.10400616332819723
0.24317631521021355
0.14562843935725292
0.2340744001760951
0.18546775258639667
0.1579881135813339
0.1870416024653313
0.07189742460928902
0.17215936605767113
0.11443539511336123
0.12907329958177416
0.12172132951793971
0.13021571648690294
0.1805480959718248
0.1886022452124147
0.15334580673563725
0.1507462029495928
0.1759938366718028
0.17608628659476117
0.16289236187541276
0.2094871230464451
0.13082324455205813
0.14273827867048205
0.18015848558221442
0.1482544574069998
0.23827206691613473
0.20691173233546112
0.11539071098393133
0.20813559322033903
0.08120405018710104
0.1189324235086947
0.12615892581994279
0.09912392692053709
0.16343825665859563
0.17554039181157827
0.115313669381466
0.12430112260620738
0.1269623596742241
0.15622716266784065
0.17255337882456528
0.09089808496588157
0.12877173673783845
0.20675985031917232
0.09416464891041162
0.1766585956416465
0.1940215716486903
0.1672925379705041
0.12115782522562185
0.16610609729253797
0.09812678846577151
0.1724939467312349
0.16310807836231567
0.1733281972265023
0.1002839533348008
0.1687607307946291
0.14936605767114242
0.1957561082984812
0.14549416685009908
0.15898305084745765
0.10815980629539954
0.17254017169271407
0.1862315650451244
0.22003301782962803
0.19868589038080564
0.1188597842835131
0.1547919876733436
0.18684569667620518
0.10525203609949373
0.18158485582214398
0.14397974906449484
0.14314329738058554
0.1830662557781202
0.17660136473695798
0.11916795069337444
0.12483160906889722
0.1920449042482941
0.1576601364736958
0.19522562183579134
0.15134272507153865
0.1436715826546335
0.18344926260180497
0.13876513317191283
0.18331278890600924
0.09446621175434736
0.18289236187541275
0.1475104556460489
0.1793088267664539
0.09191943649570768
0.19407880255337884
0.1695267444419987
0.17530266343825668
0.14231565045124367
0.1461765353290777
0.15869249394673124
0.1700022011886419
0.12379484921857804
0.19388950033017832
0.1692163768434955
0.15287915474356154
0.16311688311688313
0.12871010345586617
0.12270085846357034
0.1388069557561083
0.13189522342064713
0.15620074840413825
0.17015628439357255
0.21064054589478323
0.11718247853841074
0.14501650891481402
0.16127008584635705
0.17953775038520803
0.23666740039621398
0.13674224081003744
0.16139995597622717
0.1555425930002201
0.14566145718688092
0.13890160686770858
0.12145498569227384
0.1914902047105437
0.1597050407219899
0.12246753246753248
0.12906229363856483
0.1905524983491085
0.18907550077041602
0.1896456086286595
0.1570019810697777
0.14351749944970285
0.12412502751485803
0.13336561743341405
0.21496147919876732
0.16032357473035438
0.12074620294959278
0.13484481620074842
0.2018445960818842
0.12744441998679287
0.1635197006383447
0.11425489764472814
0.11477437816420868
0.1841668500990535
0.18569887739379268
0.122293638564825
0.1343979749064495
0.12886418666079685
0.14813999559762273
0.13989654413383226
0.1856746643187321
0.15135152982610608
0.08704600484261502
0.17176535329077705
0.2230464450803434
0.12350429231785166
0.1986154523442659
0.13358353510895885
0.1461831388950033
0.15705701078582437
0.11015848558221442
0.1376931543033238
0.22866387849438694
0.1448602245212415
0.1420162887959498
0.12211093990755008
0.15796830288355715
0.12465331278890603
0.1843187321153423
0.10150781421967864
0.13781201848998462
0.21752146158925822
0.16051727933083867
0.13464670922298042
0.12822143957737178
0.16062733876293198
0.14656834690732995
0.15657054809597182
0.12411622276029058
