0.16594981289896543
0.1930926700418226
0.16747303543913714
0.21496147919876732
0.16579132731675106
0.15687871450583316
0.1876997578692494
0.187475236627779
0.1891701518820163
0.2026590358793749
0.16998239049086508
0.18080783623156504
0.21637244111820386
0.17022011886418667
0.16880475456746646
0.16359894342945192
0.18011446180937707
0.23617433414043582
0.1458287475236628
0.16432313449262603
0.23103896103896104
0.2331785163988554
0.16788685890380808
0.24396654193264367
0.2399141536429672
0.22408760730794627
0.2129672022892362
0.18239709443099272
0.1276139115122166
0.20577371780761614
0.15999339643407443
0.20452564384767774
0.19511996478098173
0.15302883557120844
0.25392031697116446
0.18792648029936165
0.22949152542372883
0.22447941888619855
0.11255998239049086
0.2285031917235307
0.1712656834690733
0.14281752146158924
0.15691393352410302
0.11948272066916137
0.22615012106537533
0.21422848338102576
0.20822804314329738
0.1787761391151222
0.16891041162227605
0.1475941008144398
0.18771736737838432
0.1904864626898525
0.19395333480079244
0.20593660576711423
0.2082456526524323
0.12392471934844816
0.15368038740920098
0.21213515298261063
0.1830640545894783
0.14401937046004842
0.17877834030376405
0.16414483821263484
0.2038234646709223
0.15896324014968083
0.21904688531807173
0.1882984811798371
0.2109090909090909
0.22461369139335244
0.1914593880695576
0.13551617873651772
0.17477217697556682
0.21288575830948714
0.17673343605546996
0.16990534888839975
0.18345146379044686
0.19249174554259302
0.18266784063394234
0.18685230024213076
0.17195025313669382
0.2255051727933084
0.19162007484041382
0.1645740699977988
0.1576623376623377
0.24134052388289676
0.21577151661897426
0.1932445520581114
0.19785604226282194
0.14359674224081004
0.1871868809156945
0.18509355051727935
0.21631741140215718
0.1358133392031697
0.21771736737838432
0.23855161787365178
0.13114461809377062
0.20425269645608632
0.21077041602465332
0.1448712304644508
0.1703103675985032
0.18479639005062737
