0.04053488883997358
-0.03965441338322694
-0.06358353510895885
-0.03429231785163989
-0.03263482280431433
0.04818622055910192
0.05823024433193924
-0.05950473255558002
0.040198106977767996
-0.04965661457186881
0.03721329517939687
0.009101915034118425
-0.01716486902927581
-0.05170812238608849
0.0513185119964781
0.08584855822143958
0.046880915694475014
-0.03401056570548096
0.014386968963240149
0.021809377063614355
-0.010620735197006384
-0.0678252256218358
-0.028034338542813123
-0.0033127889060092447
0.06876293198327096
-0.03269425489764473
-0.05129429892141756
0.02169491525423729
0.0055624036979969186
-0.011030156284393572
0.023207131851199648
0.04411842394893242
-0.01815100154083205
-0.06967862645828747
-0.05225841954655515
-0.05417565485362095
-0.006900726392251816
-0.005945410521681709
0.019797490644948273
0.012606207351970062
-0.020011005943209335
0.06717367378384329
0.02037200088047546
0.017299141536429672
-0.08185119964780983
0.017530266343825665
0.03800352190182699
0.014061193044243893
-0.010803433854281312
-0.029949372661237067
0.0012062513757429012
-0.013845476557340966
-0.02402377283733216
0.02904688531807176
-0.03733876293198327
-0.04878274268104777
-0.07152542372881357
-0.028426150121065377
0.011864406779661017
0.0008518600044023773
0.05094430992736077
0.04171472595201409
-0.06216376843495488
-0.026548536209553164
-0.032276029055690075
0.036872110939907554
0.016429672022892364
-0.026024653312788908
0.04674444199867929
-0.02155183799251596
0.04759850319172353
-0.048300682368478974
-0.06345146379044685
0.008093770636143518
0.05814659916354832
0.010629539951573851
-0.021527624917455426
0.016218357913273168
0.039348448162007485
-0.026869909751265682
-0.001813779440898085
0.05319172353070658
0.019515738498789348
-0.06815540391811578
0.03351089588377724
-0.03434954875632842
-0.01528285274047986
-0.0013559322033898306
-0.01959057891261281
-0.04834250495267445
-0.04484701738939027
-0.05108958837772398
-0.01051287695355492
-0.030369799691833593
0.03031256878714506
-0.04158705701078583
0.049280211314109625
-0.07302223200528285
0.008705701078582435
0.013303984151441779
