-0.2250319172353071
-0.15610169491525425
-0.2080761611270086
-0.19157384987893464
-0.23136913933524106
-0.16469733656174335
-0.049801893022232
-0.14515298261060974
-0.18723970944309928
-0.18327977107638127
-0.19732775698877394
-0.15200528285274048
-0.10812458727712965
-0.23241690512876956
-0.1977922077922078
-0.2588928021131411
-0.13307946290997139
-0.17820383006823684
-0.12892361875412725
-0.16781201848998462
-0.25813559322033897
-0.18660796830288354
-0.16993176315210215
-0.13014968082764694
-0.11782302443319394
-0.19405899185560202
-0.17809156944750165
-0.22372881355932203
-0.15725731895223422
-0.18522782302443322
-0.2637266123706802
-0.23725291657495048
-0.15738278670482062
-0.20944970283953335
-0.11693154303323795
-0.2759960378604447
-0.14025313669381467
-0.1690050627338763
-0.1976865507373982
-0.06484921857803215
-0.11195685670261941
-0.1811292097732776
-0.28635042923178516
-0.14716927140655955
-0.14924499229583976
-0.19101254677525867
-0.23968963240149682
-0.1522540171692714
-0.21175434734756768
-0.08677966101694916
-0.24323134492626022
-0.14441778560422627
-0.10162887959498129
-0.2156042262821924
-0.12767114241690514
-0.1755491965661457
-0.1376337222099934
-0.26819722650231126
-0.09974686330618533
-0.2811248073959938
-0.12736297600704383
-0.13171472595201408
-0.1647259520140876
-0.24194805194805197
-0.16007704160246536
-0.23828307285934408
-0.15887299141536432
-0.24664979088707903
-0.14134932863746422
-0.2101012546775259
-0.17870349988994058
-0.09105216817081224
-0.15797930882676645
-0.22277790006603565
-0.1489918556020251
-0.11503411842394894
-0.18152762491745544
-0.18189302223200532
-0.15484041382346467
-0.1765727492846137
-0.1968963240149681
-0.18843935725291658
-0.20561303103675987
-0.20198987453224743
-0.25107858243451464
-0.20321593660576712
-0.18666299801893024
-0.2407990314769976
-0.19364516839093113
-0.21654633502091128
-0.16705260840854064
-0.21996478098173014
-0.12587277129650012
-0.20525423728813563
-0.12399295619634604
-0.15049526744442002
-0.23820383006823687
-0.1721901826986573
-0.18428791547435616
-0.18546114902047106
