-0.005575610829848119
0.028652872551177638
0.10521241470394012
0.1324411182038301
0.05386528725511777
0.07895223420647152
-0.020924499229583976
0.021355932203389834
0.034785384107418015
0.08586616773057452
0.03796830288355712
0.02164208672683249
0.013264362755888182
0.036962359674224086
-0.07765793528505392
0.07564604886638786
0.09486022452124149
0.10580013207131851
0.026099493726612372
-0.06771076381245872
-0.019663218137794407
0.04610389610389611
0.0736781862205591
0.10166629980189303
-0.07711424169051288
0.1543913713405239
0.020081443979749064
0.045551397754787594
0.06070217917675545
0.09689632401496809
-0.03580893682588598
-0.002786704820603126
0.014752366277790007
-0.1278582434514638
-0.04483821263482281
-0.03249174554259301
0.08745762711864408
0.03592780101254678
0.10382786704820603
-0.0497622716266784
0.007464230684569668
0.04560202509355052
0.03751926040061634
-0.022408100374202072
-0.010140876073079464
0.1345806735637244
0.037222099933964345
0.059969183359013876
0.01865067136253577
0.03734756768655074
0.06685890380805634
0.061212854941668504
0.001864406779661017
0.05516618974246093
0.08896984371560643
0.06361435174994498
-0.013444860224521241
0.02217477437816421
0.07824565265243232
0.051193044243891705
0.07338762931983271
-0.021098393132291438
-0.05513317191283293
0.05211314109619194
0.06759850319172354
-0.00922738278670482
0.10962799911952455
0.01194805194805195
0.11859784283513097
0.028221439577371783
-0.02056570548095972
-0.0020977327756988772
-0.051831388950033024
-0.02730794629099714
0.04799031476997579
0.005040721989874532
-0.0047633722209993404
0.07912612810917896
0.07059432093330399
0.03581554039181158
0.02490865067136254
0.04209553158705701
0.07004842615012107
0.049051287695355494
0.012474136033458066
0.09351089588377724
-0.07657495047325556
0.04686550737398195
-0.04532027294739159
0.07564164648910413
0.0689126128109179
0.016656394453004625
0.003345806735637244
-0.005676865507373982
0.0965001100594321
-0.00906669601584856
0.12489544353951135
0.055892581994276914
0.07839313229143738
0.082590799031477
