-0.10972485141976668
-0.0402113141096192
-0.0663614351749945
-0.09472375082544573
-0.11678846577151662
-0.038584635703279774
-0.05066255778120186
-0.0815166189742461
-0.10481399955976227
-0.11942548976447281
-0.16013647369579576
-0.09924719348448163
-0.10821703720008805
-0.25514858023332604
-0.08416905128769536
-0.11647149460708783
-0.0976139115122166
-0.11003521901826988
-0.203713405238829
-0.07716266784063396
-0.12073299581774159
-0.06127228703499891
-0.08108298481179838
-0.05514637904468413
-0.07855822143957737
-0.09501430772617213
-0.09950033017829628
-0.07247853841074181
-0.14956636583755228
-0.08170372000880477
-0.082689852520361
-0.08850979528945631
-0.21604886638784945
-0.06340964120625138
-0.1079969183359014
-0.07073519700638345
-0.07347567686550738
-0.06279991195245434
-0.1083909311027955
-0.15921417565485363
-0.13220999339643408
-0.20146158925819946
-0.09816640986132512
-0.1262623816861105
-0.1701386748844376
-0.0792758089368259
-0.12279771076381246
-0.059317631521021354
-0.08342725071538631
-0.15105877173673785
-0.13243451463790448
-0.060334580673563724
-0.06920537090028615
-0.1783799251595862
-0.0801848998459168
-0.16945190402817523
-0.0865133171912833
-0.08025533788245653
-0.06749284613691393
-0.10731895223420648
-0.13332819722650233
-0.12043363416244773
-0.05114241690512878
-0.04776139115122166
-0.10617213295179397
-0.13383887299141536
-0.1328615452344266
-0.1383843275368699
-0.059280211314109627
-0.08042703059652212
-0.1277195685670262
-0.10500110059432095
-0.07975126568346907
-0.005357693154303325
-0.1252080123266564
-0.18262381686110501
-0.10384767774598283
-0.06515298261060974
-0.15413163108078365
-0.1118732115342285
-0.12584415584415584
-0.12415584415584416
-0.10845036319612592
-0.07057010785824344
-0.09131190843055251
-0.1304270305965221
-0.13411182038300684
-0.0822077922077922
-0.10654633502091129
-0.07945630640545895
-0.16961479198767335
-0.13944530046224962
-0.11681267884657714
-0.10341184239489325
-0.06624036979969183
-0.06773057451023552
-0.09483601144618094
-0.10555139775478758
-0.1605524983491085
-0.05026634382566586
