0.3894320933303984
0.40896984371560646
0.38242350869469516
0.37590799031477
0.38354611490204715
0.3775368699097513
0.3835835351089588
0.3649812898965441
0.42167070217917674
0.41239929561963456
0.38940127668941227
0.37995597622716265
0.38875632841734536
0.41032137354171255
0.43550517279330847
0.38854941668501
0.396997578692494
0.3590799031476998
0.3708474576271187
0.3694298921417566
0.3845916795069338
0.39952234206471504
0.3917675544794189
0.3725269645608629
0.37106977767994714
0.39238608848778345
0.3663240149680828
0.4025005502971605
0.3683689192163769
0.3764670922298041
0.38927801012546775
0.3735219018269866
0.398021131410962
0.38982610609729257
0.38539071098393135
0.37913273167510453
0.39316310807836236
0.39588377723970947
0.37680827646929343
0.37548095971824785
0.3682830728593441
0.38102795509575177
0.37672463130090256
0.4006999779881136
0.4096081884217478
0.39667620515078145
0.3605084745762712
0.38423068456966764
0.3608364516839093
0.38564384767774607
0.410413823464671
0.3939049086506714
0.3784569667620516
0.42052608408540615
0.3752630420427031
0.4060488663878495
0.39049526744442004
0.37393352410301567
0.37098393132291435
0.35008364516839097
0.39190402817521464
0.3813603345806736
0.3888685890380806
0.3796015848558222
0.3548073959938367
0.3819766674003962
0.368003521901827
0.3875434734756769
0.392245212414704
0.4013471274488224
0.381419766674004
0.40310807836231566
0.40400176095091356
0.3721813779440899
0.3983887299141537
0.3840854061193045
0.38267224301122604
0.37681928241250273
0.37850319172353075
0.36228483381025756
0.36876513317191284
0.41079903147699764
0.3933149900946511
0.407871450583315
0.39585956416464896
0.40054809597182484
0.38605767114241696
0.3759388069557561
0.39414043583535113
0.378300682368479
0.41355491965661456
0.42217477437816425
0.36599603786044466
0.4021021351529826
0.3870327977107638
0.39164208672683254
0.39293638564825006
0.3831785163988554
0.3805348888399736
0.4001959057891261
0.39187101034558663
0.38990314769975787
0.3865287255117764
0.34977767994717146
0.40161347127448827
0.3683403037640326
0.39031917235307073
0.39042042703059654
0.3700726392251816
0.3627734976887519
0.38519700638344706
0.4001100594320933
0.3688751926040062
0.3748844375963021
0.3724829407880256
0.3969843715606428
0.39094210873871893
0.38517059211974464
0.39215496368038744
0.38603345806735634
0.41092009685230024
0.39284613691393355
0.4008276469293419
0.39991855602025095
0.3763768434954876
0.38844816200748405
0.3790050627338763
0.40345146379044683
0.3756416464891042
0.38488443759630203
0.361633281972265
0.4049438696896324
0.40888179616993175
0.3852740479859124
0.38202509355051734
0.3919392471934845
0.3655866167730575
0.38173673783843276
0.3636121505613031
0.37102135152982607
0.38650891481399957
0.3860796830288356
0.3784745762711864
0.3905767114241691
0.35481179837112037
0.3937156064274709
0.40833590138674886
0.3849592780101255
0.3784833810257539
0.4049108518600044
0.3985494166850099
0.38804534448602246
0.3900132071318512
0.3746445080343386
0.3928065155183799
0.39233546114902046
0.39429451904028173
0.3733281972265023
0.36565485362095534
0.3920427030596522
0.39437156064274714
0.3851904028175214
0.38109178956636586
0.39709883337001983
0.3632137354171252
0.3799933964340745
0.39907550077041604
0.37486022452124146
0.3816751045564605
0.36885097952894563
0.3495905789126128
0.3952058111380146
0.36574290116663
0.4116354831609069
0.37684789786484707
0.35644508034338546
0.39504512436715833
0.39523222540171693
0.35548316090688975
0.3930134272507154
0.35521901826986574
0.3940369799691834
0.37179837112040504
0.3738322694254898
0.3957605106757649
0.4041602465331279
0.4042879154743561
0.3665155183799252
0.3875544794188862
