0.1928945630640546
0.13722870349988994
0.12883557120845257
0.14689852520360996
0.13122386088487784
0.0893286374642307
0.1176337222099934
0.1453664979088708
0.1467290336781862
0.18586176535329077
0.09477657935285054
0.15250055029716048
0.18749504732555583
0.16078802553378824
0.23937046004842616
0.1481201848998459
0.14341404358353513
0.20432973805855165
0.08136693814659918
0.1593880695575611
0.16200088047545674
0.15262381686110502
0.18723310587717368
0.11138014527845039
0.1619656614571869
0.1380013207131851
0.16133392031697116
0.13012766894122826
0.13927140655954218
0.15780321373541714
0.17558001320713185
0.18258419546555144
0.1638895003301783
0.1582060312568787
0.0946731234866828
0.11912612810917896
0.11250715386308607
0.15555139775478757
0.12468192824125027
0.08949812898965441
0.22572969403477883
0.15066475896984372
0.20420206911732333
0.1639753466872111
0.1777591899625798
0.17838652872551178
0.18226502311248077
0.19370900286154524
0.10815760510675766
0.11924058991855603
0.10695575610829848
0.14888399735857363
0.13742020691173235
0.09996478098173014
0.06359674224081005
0.10829187761391153
0.18043363416244773
0.19256878714505835
0.18303323794849222
0.18565485362095532
0.2020735197006384
0.1589852520360995
0.14252696456086286
0.09199427690953116
0.14990975126568348
0.14538410741800573
0.15666079683028836
0.13474356152322253
0.19862645828747524
0.17462469733656177
0.10594541052168172
0.16635263042042706
0.13919876733436057
0.1490182698657275
0.12985252036099493
0.1111402157164869
0.1536913933524103
0.1542130750605327
0.21266563944530048
0.1630596522121946
0.1595927801012547
0.160528285274048
0.18899625797930883
0.1105855161787365
0.14299141536429674
0.17047325555800136
0.19121065375302665
0.19312128549416688
0.14430332379484923
0.15689192163768437
0.17873871890821047
0.1479969183359014
0.14654413383226944
0.10543693594541052
0.18825005502971606
0.16541712524763372
0.19305745102355276
0.13676205150781423
0.13658155403918118
0.184653312788906
0.10782302443319391
0.14609509134932863
0.1823992956196346
0.10292317851639887
0.1638828967642527
0.1105480959718248
0.19532247413603349
0.19219238388729915
0.15375522782302445
0.11614791987673344
0.22565265243231344
0.12850539291217258
0.16304204270305964
0.14341844596081885
0.1979242791107198
0.14230684569667623
0.2041734536649791
0.11429451904028176
0.1311754347347568
0.147376183138895
0.13857142857142857
0.18098833370019812
0.15852080123266563
0.1480277349768875
0.1917697556680608
0.17287695355491967
0.1833876293198327
0.13991635483160908
0.13165089148139997
0.14405679066696017
0.12923398635263042
0.20659035879374865
0.18698437156064276
0.17640545894783183
0.18989214175654853
0.1790380805635043
0.1558925819942769
0.18077481840193707
0.13369359454105217
0.1129473915914594
0.15467532467532466
0.11958837772397095
0.14708782742681048
0.09474576271186443
0.1911688311688312
0.1381818181818182
0.1536341624477218
0.19015628439357254
0.18788245652652433
0.21714946070878277
0.08654413383226943
0.15467532467532466
0.2225445740699978
0.16492626018049747
0.1365793528505393
0.1424521241470394
0.16110499669821704
0.14102795509575172
0.1487431212854942
0.19345586616773058
0.20623156504512438
0.174851419766674
0.17204050187101036
0.1678846577151662
0.17577812018489983
0.13643627558881796
0.14798151001540832
0.2196324014968083
0.1693880695575611
0.18742020691173236
0.160297160466652
0.13364957076821485
0.16343825665859563
0.15013427250715386
0.19648250055029717
0.1765727492846137
0.1424609289016069
0.12889500330178297
0.09846797270526084
0.1639357252916575
0.18029936165529387
0.1554853620955316
0.16747083425049528
0.1808188421747744
0.13424389170151885
0.15866607968302884
0.22046885318071763
0.16068456966762054
0.1431785163988554
0.15967202289236188
0.11225181598062955
0.10427250715386309
0.164554259300022
0.20812678846577154
0.15596962359674224
0.17188201628879596
0.13176975566806076
0.1714593880695576
0.13956636583755228
0.14318291877613915
