0.25773717807616114
0.1591943649570768
0.2496169931763152
0.22305524983491087
0.23153642967202293
0.22186440677966102
0.20849658815760513
0.22090248734316534
0.22309487123046445
0.2514417785604226
0.259522342064715
0.19699097512656838
0.2147149460708783
0.16787365177195687
0.22191723530706584
0.21940788025533792
0.22047325555800132
0.2341602465331279
0.2641624477217698
0.2105018710103456
0.26074180057230906
0.22575170592119745
0.22614571868809158
0.24860004402377286
0.19092009685230027
0.25024873431653094
0.1843693594541052
0.21312568787145061
0.252722870349989
0.21756548536209552
0.18534228483381027
0.21143517499449702
0.25666960158485586
0.18349768875192607
0.19318291877613913
0.26414924058991857
0.25444640105657057
0.2380893682588598
0.2174025974025974
0.2160378604446401
0.2288597842835131
0.18334800792427913
0.24663878494386973
0.23235307065815541
0.2554325335681268
0.2584393572529166
0.2248272066916135
0.18768434954875637
0.21812018489984594
0.26291217257318955
0.24389390270746206
0.255941008144398
0.22125467752586397
0.22405458947831827
0.2665595421527625
0.2463614351749945
0.2226436275588818
0.2595267444419987
0.22044464010565706
0.2142130750605327
0.2508782742681048
0.24939027074620296
0.22965441338322698
0.18500330178296281
0.20303323794849218
0.2264913053048646
0.24914593880695574
0.2564736957957297
0.19373321593660575
0.19269425489764472
0.25891701518820165
0.21804094210873873
0.17993616552938588
0.2653510895883777
0.19843935725291661
0.24643627558881795
0.19834470614131633
0.2555073739819503
0.20249174554259303
0.2215320272947392
0.19967422408100377
0.23057230904688536
0.23939907550077044
0.21551397754787588
0.27496147919876734
0.254307726172133
0.2464935064935065
0.19830728593440458
0.23178296279991195
0.23467532467532473
0.20679506933744224
0.2243913713405239
0.22286814880035222
0.24056570548095974
0.21587937486242573
0.21664098613251156
0.17407660136473696
0.2075478758529606
0.221056570548096
0.2750913493286375
