0.022179176755447946
-0.034107418005723096
-0.04775698877393793
-0.05146379044684129
-0.0051926040061633285
-0.03446621175434735
-0.061393352410301555
0.027039401276689416
-0.05819062293638566
-0.03476777459828307
-0.1372903367818622
-0.05002641426370241
-0.06339423288575831
-0.017719568567026195
-0.06229143737618314
-0.020937706361435177
-0.11555359894342945
-0.02083645168390931
0.022881355932203393
-0.03283072859344046
0.014122826326216156
-0.009005062733876294
-0.0476337222099934
-0.09540611930442439
-0.06476337222099934
-0.008872991415364297
-0.12252696456086286
0.010898084965881577
-0.005051727933083865
-0.017037200088047544
-0.015573409641206253
-0.09079683028835572
0.019691833590138673
-0.01966101694915254
-0.011791767554479419
-0.04751045564604887
-0.041617873651771956
-0.008820162887959499
-0.0810543693594541
-0.05808716707021792
-0.09252256218357914
-0.02695575610829848
-0.03917235307065816
-0.014380365397314552
-0.08893022232005283
-0.048831168831168836
0.005575610829848119
-0.021454985692273828
-0.007695355491965663
-0.03542593000220119
-0.07683248954435395
-0.050028615452344265
-0.04437816420867269
0.009727052608408542
-0.11598283072859346
0.0008694695135373102
-0.011793968743121285
-0.06608848778340304
-0.0477525863966542
-0.11974686330618535
-0.03737398195025314
-0.001111600264142637
-0.05500990534888841
0.02425709883337002
-0.06348448162007485
-0.07908870790226723
0.020374202069117324
-0.024721549636803872
-0.06060972925379706
-0.10232005282852741
-0.008635263042042703
-0.045049526744442
-0.05771516618974246
-0.054450803433854285
-0.07453444860224522
-0.026812678846577155
-0.10862425709883337
0.05222760290556901
-0.15531146819282415
0.019042482940788027
-0.020132071318512
-0.003323794849218578
-0.11763592339863525
-0.05999119524543253
0.007794408980849659
-0.07269865727492845
-0.017745982830728594
0.0016046665199207573
-0.03348007924279111
-6.163328197226502e-05
-0.03224521241470395
-0.05131190843055251
0.006361435174994498
-0.08839973585736298
-0.04160246533127889
-0.04575610829848118
-0.019372661237068017
-0.012696456086286594
-0.058364516839093106
-0.036194144838212636
-0.1257627118644068
-0.04315430332379485
-0.007292537970504073
-0.08975786924939468
0.016513317191283294
-0.009249394673123487
0.0037090028615452348
-0.0224389170151882
-0.012978208232445523
-0.08139555359894343
-0.04987893462469734
-0.15331058771736739
-0.07782082324455206
