-0.025401716927140654
-0.06198106977767994
-0.0763284173453665
-0.003574730354391371
0.0727426810477658
0.022209993396434074
-0.03090909090909091
-0.10609068897204492
-0.0853334800792428
0.004717147259520141
0.015868368919216377
0.10583755227823025
-0.03936825885978429
0.016293198327096633
-0.011611270085846356
0.0175214615892582
0.027684349548756332
0.007259520140876074
0.04602685450143078
-0.06315430332379485
-0.03082544574069998
0.016150121065375302
0.019720449042482942
0.0364802993616553
-0.09238608848778342
-0.03588817961699318
-0.0076755447941888625
-0.05131190843055251
-0.0026876513317191284
-0.0017873651771956856
-0.008093770636143518
0.06676205150781422
-0.001360334580673564
-0.015307065815540392
0.0004446401056570549
0.012606207351970062
0.09151882016288797
0.015089148139995599
-0.08159145938806957
0.06083645168390931
-0.041703720008804755
-0.04373541712524763
-0.030068236847897868
0.07819502531366938
-0.10453885097952895
-0.009249394673123487
-0.06580013207131852
0.05254017169271406
-0.05092670041822585
-0.026189742460928905
0.048408540611930444
-0.022430112260620735
-0.05605767114241691
0.013722209993396435
-0.04677966101694916
-0.03866167730574511
-0.01083865287255118
-0.05505392912172573
-0.06414483821263484
-0.07952674444199868
0.017779000660356592
-0.05982390490865067
0.032212194585075946
-0.04383226942548976
0.026147919876733438
-0.018666079683028833
0.02701518820162888
0.011406559542152764
-0.05290116662998019
0.07128989654413384
0.04345366497908871
-0.06140655954215276
-0.04992295839753467
-0.049988994056790664
0.05035219018269866
0.019768875192604007
-0.003488883997358574
-0.02719788685890381
0.0006691613471274488
-0.026795069337442225
-0.05971604666519921
-0.036819282412502756
0.01430332379484922
-0.035344486022452125
-0.017057010785824347
0.030970724191063177
-0.008197226502311248
-0.012256218357913273
0.05329958177415805
-0.049073299581774164
0.003378824565265244
-0.050625137574290116
-0.04285714285714286
-0.028210433634162452
0.04889720449042483
-0.11366277790006604
-0.01836011446180938
0.02584195465551398
-0.051659696235967424
-7.043803653973145e-05
