-0.16894783182918777
-0.09708782742681048
-0.14884437596302003
-0.12120625137574291
-0.14762711864406783
-0.1815320272947392
-0.1415430332379485
-0.1625445740699978
-0.15230464450803433
-0.1607329958177416
-0.12605987233105875
-0.12215276249174556
-0.13971384547655735
-0.18807395993836673
-0.1295663658375523
-0.2233017829627999
-0.12053048646268985
-0.13544133832269425
-0.15580673563724412
-0.12631961259079905
-0.15351089588377725
-0.20552718467972708
-0.14057671142416908
-0.13076821483601145
-0.1965419326436276
-0.19253356812678846
-0.1789566365837552
-0.1367774598283073
-0.1461831388950033
-0.195148580233326
-0.13715386308606647
-0.14835351089588378
-0.1618445960818842
-0.1769997798811358
-0.1677129650011006
-0.1105745102355272
-0.19210213515298263
-0.17760070438036543
-0.2065287255117764
-0.1642989214175655
-0.14686990975126568
-0.19480959718247853
-0.12327096632181378
-0.15828747523662778
-0.1679242791107198
-0.12459388069557563
-0.1679749064494827
-0.17901386748844378
-0.16644508034338545
-0.24302223200528283
-0.13067796610169494
-0.16300902487343166
-0.12098613251155624
-0.22148139995597627
-0.07406339423288576
-0.12849438696896323
-0.20498569227382787
-0.19142857142857145
-0.20570768214836013
-0.13851419766674006
-0.14480079242791108
-0.21786924939467311
-0.16125687871450584
-0.24170812238608852
-0.1967114241690513
-0.16224741360334582
-0.16860444640105657
-0.21918556020250937
-0.25916354831609073
-0.19647589698437157
-0.07665419326436276
-0.07728813559322034
-0.27456086286594766
-0.12539071098393134
-0.204851419766674
-0.1815826546335021
-0.12486902927580895
-0.17291657495047325
-0.15482720669161348
-0.14037860444640107
-0.16033898305084746
-0.15293638564825007
-0.028670482060312568
-0.08680167290336782
-0.15472375082544576
-0.14471714725952015
-0.21541052168170816
-0.15305304864626898
-0.18566585956416468
-0.20645168390931104
-0.20666740039621395
-0.17206471494607087
-0.08566585956416466
-0.17478538410741803
-0.15776359233986353
-0.16637244111820385
-0.16708782742681047
-0.08354391371340524
-0.1881884217477438
-0.15343825665859565
