0.19451904028175215
0.16999779881135815
0.11887299141536431
0.1566255778120185
0.21841514417785604
0.1879881135813339
0.15897644728153204
0.14971604666519922
0.2044375963020031
0.17442218798151002
0.15397314549856925
0.15463130090248736
0.16414263702399295
0.15320052828527406
0.13973145498569228
0.14906229363856485
0.18376843495487563
0.18823684789786485
0.20045784723750829
0.1791371340523883
0.2069953775038521
0.1755425930002201
0.16286594761171033
0.2074818401937046
0.1886748844375963
0.18318071758749727
0.15467092229804097
0.1674950473255558
0.175544794188862
0.18238168611049968
0.15336121505613032
0.2204336341624477
0.20626018049746864
0.15340083645168393
0.18467092229804094
0.20947611710323574
0.13963240149680828
0.20496808276469294
0.16695355491965663
0.16269425489764472
0.1829143737618314
0.15064054589478318
0.180693374422188
0.1358793748624257
0.14946731234866828
0.22219898745322475
0.16368919216376845
0.19610609729253797
0.22625357693154308
0.177376183138895
0.10983491085186001
0.14758969843715608
0.14817081223860887
0.1886088487783403
0.16107638124587276
0.2044948272066916
0.16434514637904468
0.1657561082984812
0.1888333700198107
0.16389830508474576
0.16428351309707243
0.12844816200748405
0.18145938806955758
0.17618534008364517
0.130627338762932
0.16997578692493948
0.16451243671582655
0.16935505172793308
0.1889126128109179
0.19192383887299141
0.18964780981730134
0.20019370460048427
0.19357913273167512
0.15156724631300902
0.20332159366057673
0.195709883337002
0.15511336121505614
0.16619854721549637
0.18234866828087168
0.21027074620294958
0.18487123046445078
0.1997864847017389
0.17461589258199428
0.17986132511556244
0.1590204710543694
0.18274708342504956
0.1871802773497689
0.16963240149680825
0.12335901386748845
0.1340017609509135
0.1542857142857143
0.2187167070217918
0.1744838212634823
0.17190182698657278
0.14093330398415144
0.1738498789346247
0.18720449042482942
0.20488223640766018
0.16575830948712306
0.18758309487123048
