-0.23502311248073962
-0.20051948051948054
-0.21193704600484262
-0.2393484481620075
-0.20236847897864849
-0.18717807616112703
-0.24115782522562187
-0.18212634822804316
-0.21305524983491086
-0.1831719128329298
-0.20266563944530047
-0.23331058771736737
-0.2657671142416905
-0.25737178076161127
-0.15615892581994278
-0.14512876953554918
-0.23055910191503415
-0.21795509575170594
-0.12691173233546116
-0.19077041602465333
-0.12329077701959058
-0.1801893022232005
-0.18821043363416248
-0.15441558441558442
-0.17514637904468414
-0.304439797490645
-0.1708254457407
-0.1818600044023773
-0.16056790666960158
-0.21379484921857805
-0.21176755447941886
-0.2556284393572529
-0.1728483381025754
-0.20358573629760068
-0.12671362535769315
-0.05276689412282633
-0.11425269645608631
-0.1322540171692714
-0.240462249614792
-0.20854721549636807
-0.1830112260620735
-0.13927360774818404
-0.24825885978428353
-0.18400396213955536
-0.14442879154743563
-0.22682808716707023
-0.12621395553598946
-0.20421307506053268
-0.20677085626238167
-0.2204710543693595
-0.11642086726832492
-0.2639247193484482
-0.24694695135373101
-0.2972000880475457
-0.1794475016508915
-0.24060532687651331
-0.24590358793748623
-0.2251221659696236
-0.283185119964781
-0.17995157384987892
-0.17066916134712748
-0.1581091789566366
-0.25205370900286156
-0.25174554259300025
-0.2041404358353511
-0.22968082764692938
-0.22393572529165753
-0.16934404578472376
-0.17603565925599826
-0.25674444199867924
-0.1739291217257319
-0.2732313449262602
-0.15089588377723973
-0.13682808716707023
-0.14760950913493287
-0.1545828747523663
-0.2012854941668501
-0.12104776579352851
-0.17773497688751927
-0.2773057451023553
-0.19382566585956418
-0.28936385648250057
-0.1666255778120185
-0.1521109399075501
-0.13043803653973146
-0.21264802993616555
-0.2945366497908871
-0.25985692273827865
-0.255214615892582
-0.21998679286814882
-0.18124807395993836
-0.19745982830728592
-0.24726392251815982
-0.17446180937706363
-0.17919216376843494
-0.26692714065595424
-0.19633061853400835
-0.20207131851199645
-0.16111160026414265
-0.2769359454105217
