0.02660356592559982
0.06952674444199869
0.01231124807395994
0.04301342725071539
-0.0003213735417125248
0.07429672022892363
0.010495267444419988
0.030880475456746645
0.003385428131190843
0.0901188641866608
0.017893462469733657
0.048597842835130974
0.0749900946511116
0.03567026194144838
0.01898965441338323
-0.005190402817521462
0.00676205150781422
0.041336121505613034
-0.026515518379925163
0.048357913273167505
0.02421747743781642
0.001683909311027955
0.07793748624257099
0.020981730134272507
0.06281972265023113
0.08248073959938367
0.03256658595641647
-0.022229804094210874
-0.008278670482060314
0.04670702179176756
0.04795069337442219
0.020114461809377066
0.030548095971824788
0.024047985912392694
0.05409861325115562
0.0793022232005283
0.03733436055469954
0.04827646929341845
0.0035505172793308384
-0.00774818401937046
-0.010946511116002642
0.04037420206911732
-0.01607528065155184
0.010823244552058112
-0.0018269865727492847
0.009559762271626679
0.0415100154083205
0.01420647149460709
0.05305965221219458
-0.0014747963900506274
0.1215232225401717
0.022223200528285275
-0.07872110939907552
-0.023686990975126568
0.016649790887079022
0.09203609949372663
0.04582434514637904
0.068201628879595
0.055806735637244115
0.0827955095751706
0.07613911512216597
-0.05267884657715166
0.0175478758529606
0.03820383006823685
-0.0029760070438036544
0.028925819942769094
0.07350869469513537
-0.0389258199427691
0.02375963020030817
0.04973585736297601
0.06356152322254016
0.018899405679066696
0.065313669381466
0.012223200528285275
0.0651882016288796
0.010572309046885319
0.04649790887079023
0.06722650231124808
0.03285714285714286
0.041226062073519705
0.033211534228483386
-0.0250363196125908
0.08058551617873652
0.0008628659476117104
0.024175654853620956
0.06877173673783844
-0.05635263042042704
0.029878934624697335
0.02310147479639005
0.04074620294959278
0.05374862425709883
0.006431873211534229
0.004468412942989214
0.02441998679286815
0.039852520360994945
0.051734536649790885
0.012672243011226065
0.03006163328197227
0.04091349328637464
0.05018049746863306
0.010041822584195465
0.017215496368038742
0.03683028835571209
0.030882676645388515
-0.037257318952234206
-0.004816200748404139
-0.002386088487783403
0.049740259740259744
