0.13849218578032138
0.1524323134492626
0.09393132291437377
0.1510675764913053
0.125841954655514
0.11770636143517502
0.17325996037860447
0.18996478098173014
0.15676645388509797
0.1354721549636804
0.12719788685890382
0.028518600044023772
0.0988663878494387
0.13304864626898527
0.1004160246533128
0.1498833370019811
0.18299801893022233
0.17677525863966542
0.15893462469733657
0.1454853620955316
0.14113141096191945
0.1080299361655294
0.08819942769095311
0.11859344045784724
0.16130750605326874
0.12259300022011888
0.18250715386308608
0.20192163768434954
0.1943517499449703
0.12167070217917675
0.08684129429892141
0.08686330618534009
0.11183579132731675
0.02464450803433854
0.1440986132511556
0.12533127889060094
0.19957296940347785
0.12970724191063174
0.12256878714505834
0.09915474356152322
0.05773497688751927
0.0887277129650011
0.07696676205150782
0.08169271406559542
0.10918556020250937
0.09032797710763812
0.20198987453224743
0.16782962799911952
0.07444419986792869
0.1283535108958838
0.1691569447501651
0.11108298481179837
0.07898305084745762
0.062344265903587937
0.16733436055469955
0.15551617873651774
0.18432753686990977
0.09092229804094211
0.1345828747523663
0.12955315870570108
0.11900946511116003
0.10930662557781201
0.05433193924719349
0.09103015628439358
0.11505613031036761
0.10270746202949595
0.09548976447281533
0.10192604006163329
0.1614769975786925
0.20493726612370683
0.12534888839973585
0.1645806735637244
0.09285714285714286
0.16620515078142198
0.11839533348007925
0.1272176975566806
0.12886418666079685
0.08233986352630421
0.22058111380145276
0.11983270966321816
0.10011446180937707
0.14646489104116223
0.07544794188861986
0.12236847897864848
0.1394871230464451
0.090033017829628
0.1558199427690953
0.14742901166629982
0.15073519700638346
0.13521901826986574
0.08786044464010566
0.11163768434954877
0.10574950473255558
0.1488465771516619
0.1192163768434955
0.14154083204930662
0.09867708562623817
0.12095531587057011
0.072920977327757
0.11903367818622057
0.12521681708122387
0.11836231565045124
0.2170349988994057
0.10701518820162889
0.12886858903808057
0.1451243671582655
0.11567906669601585
0.1639291217257319
0.10849878934624699
0.02366057671142417
0.20138454765573408
0.032771296500110056
0.1281752146158926
0.1252938586836892
0.1368368919216377
0.12259520140876075
0.1910543693594541
0.12678846577151662
0.1128087167070218
0.12857803213735416
0.1454523442659036
0.1758947831829188
0.11311908430552499
0.11544353951133612
0.12922077922077924
0.07818401937046006
0.19281311908430554
0.0704556460488664
0.1558155403918116
0.12731234866828087
0.15795289456306408
0.11837552278230244
0.11543693594541052
0.1447809817301343
0.09840854061193045
0.12398635263042045
0.11486022452124149
0.1066982170372001
0.11961919436495709
0.0713383226942549
0.09937266123706802
0.056075280651551845
0.16086506713625356
0.0926502311248074
0.18265243231344927
0.12036979969183362
0.06811358133392031
0.10018049746863307
0.153119084305525
0.18377944089808498
0.15357693154303326
0.17220779220779223
0.061626678406339425
0.15232005282852742
0.16365837552278228
0.1616927140655954
0.10641426370239929
0.12541712524763374
0.10312348668280871
0.12716486902927582
0.1749130530486463
0.11001540832049309
0.1312414703940128
0.12992515958617654
0.14086066475896986
0.10138014527845038
0.14535549196566147
0.18527184679727052
0.1261501210653753
0.15102135152982613
0.17576051067576492
0.11954435395113362
0.1779639005062734
0.11581333920316973
0.11651992075720889
0.17617873651771956
