0.19570548095971824
0.17222320052828527
0.1648668280871671
0.16354831609068898
0.15933964340744006
0.16993836671802776
0.15998679286814882
0.127640325775919
0.16307726172132953
0.1260774818401937
0.1134690732995818
0.17054809597182477
0.17567906669601585
0.21109399075500773
0.14628439357252918
0.17736297600704382
0.17234426590358795
0.1134558661677306
0.18005723090468856
0.1426524323134493
0.17331939247193487
0.16656834690732997
0.14606207351970066
0.1556504512436716
0.16099933964340743
0.12197666740039623
0.12625137574290118
0.15160026414263703
0.16637244111820385
0.14771516618974245
0.13774158045344487
0.15576491305304863
0.11684129429892141
0.19813999559762277
0.16480959718247853
0.13128549416685012
0.15226502311248075
0.1637772397094431
0.1458991855602025
0.15198767334360555
0.16505172793308387
0.1289984591679507
0.17900726392251817
0.17201628879594982
0.15659696235967424
0.17669601584855826
0.1808628659476117
0.19241690512876955
0.12237068016729033
0.17724191063174113
0.17504072198987453
0.15112920977327757
0.1766321813779441
0.17428791547435615
0.18098173013427252
0.16830948712304644
0.16960158485582216
0.13585296059872332
0.15147919876733437
0.1791833590138675
0.15677525863966543
0.1364274708342505
0.14394012766894124
0.14701738939027073
0.16918115782522566
0.13695135373101475
0.14894342945190403
0.14982170372000883
0.15373321593660577
0.16281091789566368
0.1583513097072419
0.15715606427470835
0.16106977767994715
0.15975346687211095
0.1533546114902047
0.1906999779881136
0.19153422848338106
0.15998679286814882
0.15333920316971167
0.1240347787805415
0.14846136913933525
0.16933964340744
0.17469953775038521
0.13887079022672244
0.20201628879594982
0.1881818181818182
0.15128989654413386
0.14441778560422627
0.1791569447501651
0.16241690512876955
0.15552498349108518
0.14368699097512658
0.17526304204270307
0.15997138454765575
0.18479198767334365
0.1549900946511116
0.144653312788906
0.0924785384107418
0.14780981730134274
0.15617653532907771
