0.008895003301782963
0.01529605987233106
0.057574290116663
0.04768434954875633
0.03872551177635924
0.06193264362755888
0.09674003962139556
0.0587673343605547
0.04021791767554479
0.0004402377283733216
0.07303323794849219
0.06473695795729693
0.007882456526524324
0.0313911512216597
0.025498569227382785
0.050011005943209334
-0.004092009685230024
0.04108078362315651
0.023689192163768434
0.011465991635483161
0.015608628659476119
0.11511336121505614
-0.002945190402817522
0.07706581554039182
0.046431873211534226
0.033827867048206034
0.05880475456746643
0.050554699537750394
0.05803433854281312
0.07514417785604226
0.0602245212414704
0.000583314990094651
0.02579793088267665
0.04395113361215056
0.04829848117983712
0.018628659476117103
0.13839093110279552
0.12369579572969402
0.06182478538410742
0.04702619414483822
0.023565925599823904
0.03936165529385868
0.08678846577151661
0.03240810037420207
0.03684789786484702
0.029841514417785604
0.05742681047765794
0.07331499009465112
0.013427250715386307
0.00339423288575831
0.03803433854281312
0.11621175434734758
0.05602685450143077
0.022923178516398857
0.06954875632841734
-0.03145498569227383
0.11020691173233547
0.04043803653973145
-0.00017829627999119526
0.06601144618093771
-0.0020405018710103456
0.04410081443979749
0.08718247853841075
0.05815100154083206
0.03189522342064715
0.0741932643627559
0.05240810037420207
0.007651331719128329
0.11709002861545235
0.040187101034558664
0.11699977988113582
0.09442879154743562
0.03915914593880696
0.060460048426150124
0.0512128549416685
0.03599603786044465
0.11121505613031038
0.09406339423288577
0.0916751045564605
0.02229143737618314
0.024756768655073744
0.010770416024653314
0.08838872991415364
0.09006823684789787
0.062361875412722874
0.10062953995157385
-0.03315870570107858
0.08163988553819061
0.03916354831609069
0.06995157384987893
0.06550297160466653
0.009588377723970944
0.059889940567906676
0.0375214615892582
0.15022011886418668
0.07354611490204711
0.0951089588377724
0.07567686550737399
0.12293638564825007
0.11019590578912614
0.027836231565045128
0.07181598062953996
0.05700638344706141
0.02887739379264803
0.10008584635703278
0.12918115782522563
0.06866387849438697
0.05123046445080344
0.05922298040942109
0.02486902927580894
0.07416244772176976
0.036240369799691835
0.10335020911292096
0.10208012326656395
0.020964120625137576
0.11484041382346469
0.06827426810477659
0.06659476117103236
0.09109839313229144
0.026189742460928905
0.05724411182038302
0.07246533127889061
0.04912612810917896
0.010347787805414923
0.09455205811138015
0.0709685230024213
0.03674884437596302
0.10330398415144179
0.025643847677745985
0.07337882456526525
0.10274268104776581
0.025159586176535333
0.0028219238388729915
0.04422848338102575
0.12658815760510678
0.12083865287255119
0.07175434734756769
0.0516156724631301
0.07255998239049087
-0.03437156064274709
0.07242130750605327
0.0720493066255778
0.03423068456966762
0.06017389390270746
0.07418005723090469
0.02765133171912833
0.1189720449042483
0.0666321813779441
0.03135373101474797
0.05950693374422188
0.05445300462249616
0.09219018269865728
0.03143297380585516
0.11138895003301783
-0.019185560202509357
0.07494607087827428
0.10334360554699538
0.04343605546995378
0.06929341844596082
0.027318952234206474
0.0937376183138895
0.06737838432753687
0.0566585956416465
0.07183359013867488
0.11793308386528727
0.07776799471714727
0.08442659035879375
0.12464230684569669
0.04709002861545234
