0.09372661237068017
0.17457406999779881
0.12044243891701521
0.09244331939247194
0.09345146379044685
0.05734756768655074
0.07254677525863967
0.0939621395553599
0.11342725071538633
0.0989522342064715
0.1605458947831829
0.03719568567026194
0.07237728373321595
0.17582214395773718
0.12937266123706803
0.11840193704600484
0.16722650231124808
0.16128549416685012
0.10020030816640987
0.19501430772617215
0.12982610609729253
0.13341844596081884
0.11710323574730354
0.1054391371340524
0.15546775258639667
0.14854061193044243
0.14357693154303325
0.0963086066475897
0.22621615672463133
0.1610279550957517
0.15145938806955755
0.15220559101915035
0.08038740920096854
0.09234866828087168
0.19446841294298922
0.12639885538190623
0.1584965881576051
0.1523354611490205
0.10922958397534668
0.17086286594761171
0.15552498349108518
0.1482126348228043
0.08350209112920977
0.1981818181818182
0.14703720008804755
0.08402597402597402
0.13474576271186442
0.12525863966541934
0.12975346687211095
0.07807616112700859
0.1591899625797931
0.09739819502531366
0.11626238168611051
0.07589478318291878
0.12580013207131852
0.03155403918115783
0.15967642526964562
0.17391811578252256
0.08823024433193927
0.12917235307065814
0.11442879154743563
0.09888179616993178
0.07624697336561743
0.13900726392251816
0.12726832489544354
0.08494827206691614
0.11836451683909312
0.11573409641206253
0.07259520140876073
0.08865947611710323
0.19014527845036322
0.17083425049526746
0.07854501430772617
0.13546114902047104
0.11373101474796389
0.09937046004842615
0.15747083425049527
0.12293198327096633
0.1189456306405459
0.14234206471494606
0.11582874752366278
0.14482720669161347
0.1569733656174334
0.11225401716927143
0.08436055469953777
0.04076161127008585
0.12178516398855382
0.06903587937486243
0.06612150561303104
0.10110719788685892
0.11291217257318953
0.15835571208452565
0.09132951793968744
0.07973585736297602
0.08821923838872993
0.11913493286374643
0.04169491525423729
0.16615452344265902
0.18212194585075941
0.14591459388069558
