-0.20950913493286374
-0.18385868368919217
-0.1645102355271847
-0.07699537750385207
-0.16808056350429232
-0.11243671582654635
-0.20281972265023113
-0.15253576931543034
-0.1904556460488664
-0.22795949812898966
-0.10162007484041381
-0.003213735417125248
-0.18143297380585519
-0.1603874092009685
-0.1666387849438697
-0.13752366277790007
-0.2320250935505173
-0.0771384547655734
-0.20319612590799033
-0.12495927801012548
-0.23962799911952454
-0.11136693814659918
-0.1142196786264583
-0.1633149900946511
-0.15645168390931105
-0.2737134052388289
-0.2742857142857143
-0.1528615452344266
-0.17059211974466212
-0.13820383006823686
-0.17017609509134932
-0.23905348888399738
-0.1965661457186881
-0.19681488003521902
-0.22110059432093335
-0.16136033458067356
-0.2067906669601585
-0.11926260180497468
-0.12068456966762052
-0.11247853841074179
-0.1650121065375303
-0.16923178516398857
-0.1510081443979749
-0.21699537750385212
-0.1350363196125908
-0.12401276689412284
-0.21776799471714725
-0.12725511776359236
-0.056346026854501435
-0.13060532687651333
-0.16842174774378166
-0.1190446841294299
-0.06136913933524103
-0.17175214615892584
-0.10165089148139995
-0.06963240149680829
-0.25204930662557784
-0.169372661237068
-0.18504732555580014
-0.15974686330618534
-0.22464670922298044
-0.23767774598283076
-0.2765749504732556
-0.19927580893682592
-0.19729253797050408
-0.20774818401937048
-0.11284613691393353
-0.1260906889720449
-0.23821923838872994
-0.0937046004842615
-0.1848250055029716
-0.1262359674224081
-0.23020250935505174
-0.1836407660136474
-0.198036539731455
-0.2037728373321594
-0.1902839533348008
-0.1060444640105657
-0.1523332599603786
-0.21558441558441557
-0.23398415144177862
-0.13524323134492627
-0.034873431653092674
-0.10111380145278452
-0.1588531807175875
-0.19284613691393354
-0.18238828967642529
-0.14235967422408102
-0.09910631741140215
-0.23941888619854723
-0.19792648029936163
-0.150264142637024
-0.24059652212194585
-0.15195905789126127
-0.14544133832269426
-0.21412722870349993
-0.24661016949152545
-0.23812458727712968
-0.1749196566145719
-0.2543187321153423
-0.15311688311688312
-0.15941668500990536
-0.10961038961038962
-0.1759916354831609
-0.12732115342284833
-0.11597842835130971
-0.20027734976887518
-0.15545014307726174
-0.19920537090028614
-0.08667400396213955
-0.1429738058551618
