0.24081443979749065
0.19821043363416244
0.22855602025093552
0.1881818181818182
0.1632027294739159
0.1514307726172133
0.18721769755668063
0.19230244331939247
0.1693748624257099
0.12033017829628
0.1050099053488884
0.30848998459167953
0.2058727712965001
0.2239313229143738
0.1826436275588818
0.13777239709443098
0.17488003521901826
0.2267444419986793
0.25432313449262606
0.21195685670261943
0.2000880475456747
0.22357473035439138
0.15063614351749946
0.19602025093550518
0.1872595201408761
0.2515100154083205
0.20363636363636364
0.2769491525423729
0.17917895663658373
0.2300220118864187
0.1494210873871891
0.18288355712084528
0.15238388729914154
0.21294519040281754
0.2213581333920317
0.24711204050187102
0.17179616993176317
0.20293198327096632
0.1667686550737398
0.2282280431432974
0.19872991415364294
0.1475368699097513
0.20696015848558225
0.22188421747743783
0.19703720008804756
0.22768655073739819
0.2033898305084746
0.17981510015408322
0.20859123926920536
0.18906229363856483
0.20447941888619856
0.18736517719568568
0.13638344706141317
0.20513977547875853
0.12958177415804537
0.18613691393352413
0.21061853400836453
0.1919788685890381
0.16325996037860446
0.2006735637244112
0.14810697776799472
0.19996478098173012
0.22718908210433633
0.19753246753246753
0.1774224081003742
0.23421747743781643
0.2389016068677086
0.2304094210873872
0.2004424389170152
0.19088707902267224
0.2521549636803874
0.15072198987453225
0.14671802773497689
0.18663658375522782
0.2275676865507374
0.11943209333039842
0.1278120184899846
0.19143957737178077
0.21780321373541714
0.23828527404798594
0.2221681708122386
0.23952014087607307
0.17127228703499892
0.17208452564384769
0.13542152762491744
0.19637904468412945
0.19238168611049966
0.25635923398635263
0.16230244331939248
0.23938586836891923
0.16558221439577372
0.15359013867488444
0.1455822143957737
0.2221813779440898
0.20321813779440898
0.24572088928021135
0.26267224301122605
0.18027074620294958
0.21801452784503633
0.22790666960158487
