0.057059211974466215
0.027820823244552057
0.0299735857362976
-0.006949152542372882
0.02579352850539291
0.07867268324895443
0.07965661457186882
0.07408100374202069
0.05210433634162448
0.07653753026634383
0.02585516178736518
0.06093770636143518
0.020900286154523447
0.07735857362976008
0.007440017609509134
0.007191283292978208
0.117409200968523
-0.012291437376183139
0.1016685009905349
0.07994937266123707
0.14219238388729916
0.10377944089808497
0.04165089148139995
0.05097072419106317
0.06570548095971825
0.023436055469953778
0.09156064274708343
0.08557781201848998
0.08305304864626899
0.05523882896764254
0.05992515958617654
0.13486682808716707
0.05424829407880256
0.09089148139995597
0.13033017829628
0.11139335241030157
0.035108958837772396
0.026385648250055033
0.12809817301342727
0.06980189302223201
0.07981730134272509
0.06486902927580894
0.11026854501430773
0.09517059211974467
0.12306625577812019
0.05474136033458068
0.03352630420427031
0.005628439357252918
0.07687211093990755
0.057490644948272066
0.08580233325996037
0.058895003301782975
0.037028395333480076
0.11180937706361435
0.08738718908210434
0.10755007704160248
0.046713625357693155
0.06474576271186441
0.1011952454325336
0.05373101474796391
0.05693154303323795
0.0047633722209993404
0.019837112040501873
0.0636253576931543
0.05163988553819062
0.023083865287255118
0.12940347787805415
0.07878274268104778
0.10869029275808939
0.10223860884877835
0.03219458507594101
-0.0037508254457406997
0.09138454765573409
0.026302003081664103
0.06266123706801673
0.0924521241470394
0.06220999339643407
0.0019942769095311467
0.09648910411622277
0.13482280431432975
0.07331719128329299
0.09149900946511116
0.13794629099713848
0.052007484041382356
0.0462623816861105
0.02697116442879155
0.16034118423948931
0.04282412502751486
0.0727690953114682
0.07431873211534229
0.07237068016729034
-0.013671582654633502
0.010609729253797051
0.024006163328197227
0.06124147039401277
-0.013277569887739381
0.008998459167950694
-0.019077701959057895
0.07586396654193264
0.12098393132291438
0.055835351089588384
0.026077481840193702
0.05432313449262602
0.026242570988333703
0.024794188861985478
0.06861325115562404
0.019491525423728815
0.07624477217697558
0.12628659476117104
0.1536385648250055
