0.2610081443979749
0.2672573189522342
0.2704358353510896
0.21263482280431434
0.2095531587057011
0.1855315870570108
0.25532027294739157
0.2538806955756108
0.22395993836671804
0.25024873431653094
0.29054589478318293
0.24751926040061634
0.18279991195245435
0.25289896544133833
0.22274268104776582
0.26611049966982175
0.23745322474136035
0.2408518600044024
0.2219194364957077
0.2813955535989434
0.17566145718688092
0.2703940127668942
0.25614571868809155
0.20834690732995814
0.24038080563504294
0.24327316751045566
0.26043803653973147
0.2619326436275589
0.28528945630640545
0.2311490204710544
0.19453224741360337
0.24511996478098172
0.2887981510015409
0.20780981730134276
0.19115782522562186
0.2453334800792428
0.2343385428131191
0.21046885318071762
0.2926392251815981
0.22260180497468637
0.24036099493726615
0.21443319392471935
0.19451904028175215
0.2045168390931103
0.20757208892802115
0.22725511776359233
0.2229936165529386
0.24816420867268327
0.24707021791767556
0.33473255558001325
0.18233766233766235
0.2711512216596963
0.20339423288575834
0.2672287034998899
0.2436341624477218
0.23531587057010786
0.20952014087607307
0.18343385428131195
0.2099163548316091
0.20114681928241251
0.24099273607748187
0.2920074840413824
0.22208672683248953
0.23552278230244333
0.25744221879815105
0.2312524763372221
0.2134008364516839
0.2755602025093551
0.2705877173673784
0.24156064274708341
0.235676865507374
0.23340744001760952
0.22547655734096417
0.204818401937046
0.20817081223860887
0.3033590138674884
0.22443979749064494
0.22590799031477
0.25125247633722214
0.22174994497028394
0.23368038740920097
0.254241690512877
0.26142637023992954
0.24904028175214615
0.24328417345366501
0.23593660576711425
0.23446621175434734
0.23825665859564166
0.21513757429011668
0.23502091129209776
0.21281311908430556
0.22948051948051948
0.22047325555800132
0.24187321153422847
0.18547435615232227
0.22019150341184243
0.2523838872991416
0.26213075060532687
0.19797270526084088
0.20786484701738941
