0.197706361435175
0.2540832049306626
0.14701738939027073
0.2192559982390491
0.28516618974246094
0.22539071098393135
0.29368258859784285
0.16434514637904468
0.17953554919656617
0.2704094210873872
0.2027668941228263
0.2405084745762712
0.251138014527845
0.29140876073079464
0.2523464670922298
0.17386748844375965
0.20322474136033458
0.2703037640325776
0.2791481399955976
0.26677966101694917
0.16953554919656616
0.3296500110059432
0.26082324455205813
0.1938058551617874
0.2530046224961479
0.20404138234646707
0.2255822143957737
0.20124367158265463
0.2716552938586837
0.2759211974466212
0.27738498789346244
0.21114461809377066
0.2546555139775479
0.2336671802773498
0.2220515078142197
0.22489544353951132
0.2425841954655514
0.2785516178736518
0.20458947831829188
0.22880695575610832
0.21933964340744005
0.25233766233766236
0.19302223200528287
0.15948932423508694
0.2767510455646049
0.21493066255778123
0.17226502311248074
0.20053709002861544
0.2567554479418886
0.20938586836891923
0.20534448602245212
0.22751265683469074
0.1557230904688532
0.27444860224521245
0.22587057010785827
0.2119590578912613
0.3016486902927581
0.2659960378604446
0.23539291217257322
0.19025533788245652
0.28071098393132293
0.16316090688972046
0.23826106097292538
0.2052014087607308
0.2444684129429892
0.2714043583535109
0.3182566585956416
0.2649900946511116
0.2740810037420207
0.19029275808936827
0.22208452564384767
0.2589676425269646
0.22801452784503634
0.21355051727933086
0.20257318952234207
0.19922518159806296
0.2729583975346688
0.1933744221879815
0.27486242570988334
0.20437376183138894
0.23812678846577154
0.28069337442218795
0.22375522782302443
0.20041382346467096
0.1880541492405899
0.23863086066475897
0.24003742020691177
0.23508254457407002
0.23974906449482722
0.28404358353510895
0.19650451243671585
0.1615232225401717
0.17381245872771295
0.2215100154083205
0.2686704820603126
0.107211093990755
0.26415804534448606
0.24058991855602024
0.260627338762932
0.28961479198767337
