0.15529165749504734
0.18199207572088927
0.2391459388069558
0.21574290116662997
0.2452498349108519
0.20808936825885982
0.22825005502971604
0.2755205811138015
0.21964780981730136
0.23352850539291217
0.1797292537970504
0.19049746863306186
0.27329958177415803
0.190528285274048
0.22000880475456747
0.19347347567686551
0.24458507594100817
0.2078296279991195
0.22424389170151884
0.2092053709002862
0.23104556460488665
0.26419766674003964
0.30595421527624916
0.22952894563064055
0.16597622716266786
0.1788928021131411
0.2275346687211094
0.2052938586836892
0.18679727052608408
0.25369359454105217
0.24239489324235086
0.17597842835130972
0.21350209112920981
0.22771516618974247
0.2568192824125028
0.24368699097512656
0.21537090028615452
0.26329738058551616
0.20900726392251817
0.23559542152762492
0.21576711424169054
0.19836231565045123
0.2328945630640546
0.21102355271846795
0.22627999119524544
0.2164406779661017
0.24331939247193485
0.21788906009244993
0.2586044464010566
0.22739159145938806
0.250264142637024
0.17929121725731895
0.20832929782082327
0.2746114902047106
0.20954875632841735
0.20791987673343607
0.258696896324015
0.19732115342284834
0.23281532027294743
0.25449482720669164
0.20135373101474796
0.2522562183579133
0.2140744001760951
0.1823332599603786
0.21758309487123048
0.197211093990755
0.2142659035879375
0.18947831829187764
0.2138366718027735
0.24932423508694695
0.25002201188641865
0.24879154743561524
0.22489984591679507
0.24193264362755887
0.20733436055469956
0.2073563724411182
0.18107197886858906
0.2491041162227603
0.21507373981950254
0.232854941668501
0.22379484921857803
0.21053048646268985
0.26092890160686777
0.24376843495487568
0.21491965661457188
0.22395113361215058
0.2764604886638785
0.19347127448822365
0.18695795729694037
0.15965221219458509
0.2114109619194365
0.22807616112700863
0.20430992736077486
0.19164428791547436
0.2132445520581114
0.21649570768214835
0.18120845256438478
0.2512282632621616
0.21349328637464232
0.18977988113581337
