0.22692493946731238
0.18993396434074403
0.19933083865287257
0.23504292317851644
0.21049526744442
0.21453444860224521
0.2547919876733436
0.19450363196125908
0.19551617873651772
0.2314373761831389
0.18044023772837334
0.19513757429011666
0.23367378384327536
0.2054083204930663
0.24076821483601146
0.1659145938806956
0.23331719128329298
0.21533788245652652
0.15814880035219017
0.23070438036539734
0.14896984371560643
0.23839753466872113
0.1789258199427691
0.2156834690732996
0.2263988553819062
0.2042196786264583
0.22058111380145276
0.21988773937926484
0.1859278010125468
0.19464010565705483
0.24101915034118426
0.13873431653092672
0.17881355932203388
0.2522143957737178
0.19863746423068457
0.15500770416024653
0.22866828087167068
0.213317191283293
0.20682148360114463
0.2091041162227603
0.16514858023332601
0.18166850099053491
0.1720977327756989
0.16011005943209333
0.2338630860664759
0.20213515298261062
0.17760070438036543
0.268630860664759
0.13979969183359015
0.14249614791987675
0.2282984811798371
0.21473475676865506
0.19766453885097954
0.1583909311027955
0.2685692273827867
0.22212634822804314
0.1756416464891041
0.2424345146379045
0.23248514197666742
0.23044464010565707
0.20558441558441556
0.2185075941008144
0.24925819942769095
0.2407990314769976
0.23793308386528725
0.1640017609509135
0.19501430772617215
0.2592692053709003
0.20994497028395337
0.197937486242571
0.277096632181378
0.1707087827426811
0.20615452344265905
0.21176095091349326
0.19104556460488664
0.20914813999559762
0.23865507373981953
0.23789346246973367
0.1570349988994057
0.24689192163768436
0.19543473475676865
0.225941008144398
0.2338190622936386
0.22092229804094213
0.22720228923618754
0.21107418005723091
0.22419766674003966
0.2128021131410962
0.19352850539291216
0.17238828967642528
0.20822143957737177
0.15303764032577594
0.21683469073299583
0.20208672683248954
0.18493506493506495
0.17176315210213514
0.21219238388729914
0.18551617873651774
0.220429231785164
0.1857274928461369
