0.23890600924499233
0.23848998459167953
0.25256218357913274
0.1972265023112481
0.21045344486022455
0.2185075941008144
0.24344045784723753
0.17996257979308827
0.2209443099273608
0.2295157384987894
0.23664758969843722
0.20899625797930882
0.2462976007043804
0.18996478098173014
0.25817741580453446
0.2607351970063834
0.2215980629539952
0.22248294078802555
0.23006163328197227
0.21837112040501874
0.16988994056790668
0.22459167950693373
0.26532247413603344
0.24101915034118426
0.18775698877393793
0.25992075720889285
0.2521351529826106
0.22346907329958177
0.2880981730134273
0.20606427470834254
0.2420008804754568
0.23075060532687652
0.17923398635263044
0.26432313449262607
0.21028175214615893
0.2336407660136474
0.2315232225401717
0.22113801452784504
0.18668500990534892
0.16710983931322915
0.25361875412722873
0.2694475016508915
0.2462976007043804
0.20471714725952017
0.2201760950913493
0.25702619414483824
0.17970724191063175
0.21131631080783625
0.23592119744662118
0.2329143737618314
0.2088399735857363
0.21923398635263044
0.20739379264802996
0.22435615232225406
0.22236627779000662
0.22413163108078363
0.19718247853841075
0.2772397094430993
0.28377723970944313
0.18811358133392034
0.22809377063614353
0.25262821923838874
0.2605591019150341
0.22871670702179175
0.2943187321153423
0.22691613471274488
0.2557296940347788
0.24641646489104116
0.22497908870790229
0.26813119084305526
0.24439577371780763
0.23980629539951576
0.23756328417345365
0.2055183799251596
0.2400198106977768
0.2250231124807396
0.20988773937926478
0.1842989214175655
0.21476337222099934
0.20130530486462692
0.24242130750605329
0.2103896103896104
0.26794188861985474
0.21077041602465332
0.2286220559101915
0.2047149460708783
0.16731234866828087
0.2504490424829408
0.17894783182918778
0.22745322474136032
0.22618093770636144
0.2131058771736738
0.22793748624257099
0.2071538630860665
0.283992956196346
0.24699537750385211
0.21646268985252037
0.25779881135813343
0.2675280651551838
0.24669161347127452
0.2516817081223861
0.19853400836451685
0.2980475456746643
0.24452344265903586
0.22915254237288135
0.17690512876953557
0.22322033898305088
0.2372573189522342
0.19852080123266563
0.21924939467312352
0.21070217917675546
0.27733436055469957
0.25849438696896326
0.2200946511116003
0.16725952014087608
0.2391195245432534
0.24642526964560865
0.24168611049966984
0.23054589478318294
0.21759410081443983
0.2150385208012327
0.20446180937706362
0.24369579572969405
0.2179572969403478
0.2244045784723751
0.2539423288575831
0.24798591239269208
0.22216596962359675
0.22178296279991194
0.22272507153863086
0.22641206251375742
0.15492185780321374
0.23359013867488446
0.2040215716486903
0.19733656174334144
0.23101474796390048
0.247012987012987
0.19192604006163327
0.20164869029275811
0.2014043583535109
0.1935615232225402
0.22814659916354835
0.23635703279771078
0.28646709222980415
0.2606207351970064
0.23749724851419765
0.2379308826766454
0.216748844375963
0.18952014087607308
0.25313449262601806
0.23111160026414265
0.23524543253356814
0.21993836671802777
0.22456086286594765
0.219471714725952
0.2336253576931543
0.22693594541052167
0.16750385208012328
0.18898305084745765
0.19923178516398857
0.20158045344486025
0.23760510675764915
0.20891921637684352
0.21506053268765132
0.22707682148360112
0.19113361215056132
0.23883557120845256
0.194274708342505
0.25450803433854285
0.20557561082984813
0.18631741140215716
0.19168611049966985
0.23190622936385652
0.24771516618974246
0.21839753466872114
0.23510455646048864
0.26008584635703286
0.2352718467972705
0.2266057671142417
0.23989214175654852
0.20215716486902927
0.20888839973585738
0.2390843055249835
0.17053709002861547
0.22879594981289897
0.20895883777239713
0.15527184679727055
0.18765793528505395
0.24711644287915477
0.23392912172573188
0.1619458507594101
0.20568126788465774
0.17065375302663438
0.24868368919216377
0.21221879815100156
0.1965067136253577
0.22993396434074403
0.2570283953334801
