0.1357539071098393
0.12430552498349111
0.18051727933083866
0.11243451463790448
0.13850759410081445
0.23516398855381906
0.22301122606207352
0.17313449262601804
0.18670482060312574
0.18193484481620076
0.17762271626678408
0.20498128989654416
0.1112590799031477
0.17784723750825446
0.16358133392031696
0.1137904468412943
0.1748448162007484
0.1848117983711204
0.2077129650011006
0.17757208892802115
0.15263922518159806
0.2391393352410302
0.15108078362315652
0.16129429892141758
0.17574510235527185
0.15351749944970286
0.16469733656174335
0.14923398635263044
0.16240810037420209
0.18349548756328418
0.09303323794849219
0.1449438696896324
0.1518864186660797
0.17296940347787804
0.12907329958177416
0.15552058111380146
0.13235086946951355
0.19202729473915914
0.2014241690512877
0.22384547655734097
0.1684635703279771
0.277195685670262
0.20078362315650455
0.12906229363856483
0.19384767774598285
0.22377723970944313
0.23178736517719573
0.21184459608188425
0.1724477217697557
0.18190402817521464
0.1950187101034559
0.15592119744662117
0.1829473915914594
0.18975346687211095
0.1976469293418446
0.1590358793748624
0.20340964120625138
0.1863900506273388
0.1823354611490205
0.16025753907109838
0.22719348448162008
0.18591019150341184
0.2446158925819943
0.1742989214175655
0.16774378164208675
0.22536429672022895
0.19877834030376407
0.18355051727933086
0.17780101254677527
0.15188421747743783
0.17429672022892362
0.15066475896984372
0.20112260620735198
0.1250033017829628
0.17922738278670483
0.11387849438696898
0.20686770856262382
0.1797314549856923
0.09744662117543473
0.12457627118644067
0.17924719348448165
0.13277569887739382
0.19513757429011666
0.17341844596081887
0.1393022232005283
0.15529605987233105
0.2166651992075721
0.12786044464010565
0.16521021351529827
0.17882236407660138
0.13288355712084526
0.20775698877393797
0.15549856922738278
0.2133898305084746
0.12424169051287696
0.20941888619854723
0.12355932203389831
0.17632401496808278
0.1754589478318292
0.12496147919876734
