0.10510015408320493
0.1319172353070658
0.08777019590578913
0.15418225841954655
0.11331278890600927
0.13472154963680388
0.11375522782302444
0.11771516618974245
0.08514417785604227
0.08537530266343826
0.07845476557340963
0.1450099053488884
0.1844287915474356
0.15250275148580233
0.1297776799471715
0.0688135593220339
0.16506493506493508
0.05174334140435836
0.05002201188641867
0.23283072859344048
0.16029275808936827
0.17739379264802996
0.10053268765133172
0.13239049086506716
0.1199735857362976
0.1494342945190403
0.11035439137134054
0.13865067136253578
0.09034558661677307
0.16828307285934405
0.10007484041382347
0.10722870349988994
0.17201408760730796
0.14702179176755448
0.1591899625797931
0.12239489324235088
0.17026634382566586
0.11475016508914815
0.12004182258419548
0.13265903587937486
0.10148800352190185
0.166616773057451
0.12558221439577372
0.20624477217697557
0.10707462029495927
0.0763746423068457
0.09242791107197888
0.08933744221879815
0.036297600704380366
0.17998899405679067
0.1421835791327317
0.07665639445300462
0.09110059432093331
0.12565925599823907
0.211848998459168
0.13052388289676425
0.029832709663218143
0.1339049086506714
0.09946951353731015
0.08640545894783185
0.10889720449042484
0.05720669161347127
0.08771076381245874
0.1460840854061193
0.12066916134712745
0.1323728813559322
0.09656174334140437
0.05227602905569007
0.15824345146379046
0.19226062073519704
0.028478978648470175
0.10222320052828528
0.14746202949592782
0.12830508474576272
0.15328857583094874
0.0990578912612811
0.062126348228043145
0.08493506493506493
0.1387475236627779
0.1209817301342725
0.10044684129429893
0.11928681488003523
0.24548316090688974
0.11989654413383227
0.1618423948932424
0.13625357693154305
0.13022672243011227
0.1346092890160687
0.22616332819722654
0.1425181598062954
0.108069557561083
0.10445960818842176
0.12546555139775478
0.18114021571648692
0.04654413383226942
0.11380365397314549
0.09395113361215057
0.20949592780101253
0.03786924939467313
0.2150913493286375
