0.25050407219898746
0.24799691833590137
0.2574554259300022
0.28752586396654195
0.26589258199427696
0.2623794849218578
0.2869447501650892
0.22785604226282194
0.2602047105436936
0.22907329958177416
0.2730662557781202
0.26567466431873216
0.2603433854281312
0.30657054809597184
0.18679506933744222
0.25938586836891925
0.27119304424389173
0.237706361435175
0.25945190402817525
0.22507153863086068
0.26189742460928905
0.24833149900946513
0.26519700638344706
0.2526964560862866
0.26132071318512
0.22950253136693818
0.2692383887299142
0.22331939247193486
0.30012326656394456
0.2626216156724631
0.2567554479418886
0.2796830288355712
0.2378252256218358
0.22000440237728375
0.23956856702619414
0.28929782082324457
0.25662777900066036
0.26921197446621176
0.2398239049086507
0.29602025093550516
0.3025049526744442
0.2435461149020471
0.2760488663878495
0.23257318952234207
0.24383226942548974
0.22799471714725955
0.27493946731234864
0.21703940127668941
0.2266585956416465
0.2470261941448382
0.2579969183359014
0.2812810917895664
0.2517213295179397
0.23287695355491966
0.2666255778120185
0.28408980849658816
0.1790314769975787
0.2646599163548316
0.28940127668941235
0.24558661677305743
0.2713647369579573
0.2734976887519261
0.24909971384547655
0.2532225401716927
0.2563262161567247
0.279636803874092
0.25502531366938147
0.2138300682368479
0.2715826546335021
0.22312788906009248
0.24934404578472377
0.25450803433854285
0.25659255998239056
0.2636583755227824
0.2932203389830509
0.20843495487563288
0.2825841954655514
0.23346467092229803
0.2881532027294739
0.25296720228923625
0.18044023772837334
0.2701937046004843
0.2533546114902047
0.2207858243451464
0.2872749284613691
0.21755007704160245
0.2782764692934185
0.27980629539951574
0.27756328417345366
0.29621395553598945
0.23287695355491966
0.27905569007263925
0.25158045344486024
0.2597974906449483
0.28928461369139336
0.2928505392912173
0.2598613251155624
0.2653731014747964
0.2912018489984592
0.25820383006823683
