0.16755227823024435
0.11320272947391591
0.1621307506053269
0.2096720228923619
0.1508760730794629
0.14357693154303325
0.1761655293858684
0.25285934404578475
0.20290777019590578
0.1754391371340524
0.1945476557340964
0.15209993396434074
0.24746643187321157
0.12237728373321594
0.18761171032357474
0.19579572969403478
0.18981730134272506
0.23074400176095095
0.15694915254237288
0.22865287255117767
0.18304424389170154
0.1519524543253357
0.17992295839753467
0.11995817741580454
0.179108518600044
0.20592339863526304
0.15700418225841956
0.2004424389170152
0.20874752366277793
0.17903367818622054
0.21639445300462248
0.10740039621395553
0.15583755227823026
0.17130310367598506
0.242014087607308
0.18695575610829848
0.1704226282192384
0.16558661677305747
0.14356152322254018
0.20662557781201848
0.11007704160246534
0.17399955976227163
0.19177195685670262
0.23723090468853178
0.19470614131631084
0.14340303764032578
0.1773959938366718
0.19492626018049747
0.21635703279771076
0.18541492405899185
0.1958551617873652
0.15956636583755227
0.18605767114241692
0.1836979969183359
0.13851419766674006
0.20202069117323357
0.06468192824125027
0.14966982170372004
0.12545454545454546
0.17682808716707024
0.18613031036759853
0.16824565265243233
0.1392141756548536
0.21085406119304426
0.21060312568787146
0.23126348228043145
0.22702839533348007
0.23799251595861765
0.17325775918996258
0.18864626898525205
0.14517059211974467
0.16607307946291
0.21107638124587277
0.2388157605106758
0.20401056570548096
0.2702575390710984
0.19745102355271846
0.1298151001540832
0.216139115122166
0.17863966541932647
0.12741800572309048
0.20161347127448825
0.2292031697116443
0.1727514858023333
0.16380145278450367
0.19694915254237289
0.23102135152982609
0.16966982170372003
0.16893682588597844
0.20669381465991638
0.16868368919216378
0.18194585075941008
0.18451243671582654
0.15846577151661898
0.16064935064935065
0.19265243231344928
0.2054831609068897
0.11491745542593002
0.10823244552058113
0.2255359894342945
