-0.097574290116663
0.05390050627338763
0.0019436495707682148
-0.010143077261721329
-0.04552058111380145
0.05684129429892142
-0.04605546995377504
0.07876953554919656
0.049315430332379485
-0.04492405899185561
0.04300462249614792
-0.0020647149460708784
-0.012062513757429012
-0.030589918556020255
0.0475941008144398
-0.036819282412502756
0.05995597622716267
-0.05467092229804094
0.008998459167950694
0.05704380365397315
0.01636583755227823
-0.015280651551837993
0.029216376843495487
0.016394453004622497
0.008912612810917897
0.006629980189302223
0.04722870349988994
-0.028401937046004844
-0.0612260620735197
0.0339951573849879
0.012364076601364736
-0.05502531366938146
0.001336121505613031
-0.018126788465771516
0.0462491745542593
-0.024158045344486026
-0.0021021351529826107
-0.04040281752146159
0.01218578032137354
0.01660796830288356
0.06824345146379045
0.06500990534888841
0.05689412282632622
0.02203389830508475
-0.023603345806735638
-0.02273167510455646
0.021362535769315433
0.02159806295399516
0.016585956416464893
-0.029685230024213076
0.037508254457407
-0.006451683909311028
-0.03296279991195246
0.01154963680387409
0.06525203609949372
0.023059652212194588
0.04764472815320273
0.029284613691393357
-0.00903367818622056
0.03148139995597623
-0.023618754127228705
-0.06393132291437377
0.0212062513757429
0.035795729694034786
-0.017358573629760073
0.019374862425709884
-0.012306845696676207
0.05779440898084966
0.028976447281532026
0.022502751485802337
0.03917455425930002
0.006770856262381686
0.036590358793748626
0.0040325775918996255
0.029665419326436276
-0.05603345806735637
0.09187321153422849
-0.01025974025974026
0.044976887519260406
0.01770416024653313
0.04321813779440899
0.0488795949812899
-0.031102795509575176
0.007829627999119525
0.040926700418225846
0.011644287915474357
-0.06439137134052389
0.03796610169491526
0.051877613911512216
0.015877173673783846
-0.044087607307946294
0.0388201628879595
-0.01638344706141316
0.002421307506053269
-0.02906009244992296
-0.0361501210653753
0.039566365837552284
-0.011716927140655954
0.04919876733436056
0.03614571868809157
