0.06805194805194806
0.060785824345146386
0.012315650451243672
-0.00774818401937046
0.08160466651992075
0.006817081223860885
0.03205591019150342
0.01102575390710984
0.09837552278230245
0.01691833590138675
0.05894122826326217
0.046674003962139554
0.05561523222540171
0.02780101254677526
0.08086946951353731
0.01427030596522122
-0.014199867928681489
0.04109178956636584
0.06279330838652873
0.0003697996918335902
0.0788531807175875
0.009476117103235749
-0.014851419766674003
0.013799251595861768
0.05375302663438257
0.013915914593880698
-0.052740479859123925
-0.005276249174554259
0.009958177415804534
0.08939907550077043
-0.03094651111600264
0.035786924939467314
0.0942791107197887
-0.019002861545234426
0.04082104336341624
0.06569887739379265
0.07178516398855382
0.022487343165309266
0.04810697776799472
0.012284833810257538
0.003145498569227383
0.038553819062293646
0.04565925599823906
0.06643627558881797
0.000981730134272507
-0.03328857583094872
0.005258639665419326
0.018155403918115782
-0.00039621395553598944
0.025443539511336124
0.04315430332379485
0.10180277349768875
0.027869249394673126
0.05781642086726833
0.0522077922077922
0.08430992736077483
0.07213735417125247
0.048241250275148584
0.028219238388729913
-0.0008232445520581114
0.010195905789126129
-0.008452564384767774
0.019953775038520805
0.07326436275588818
0.06355712084525644
0.13904028175214617
0.050176095091349335
0.036951353731014755
0.08540171692714066
0.02689412282632622
0.0988135593220339
0.06889060092449924
-0.040715386308606646
0.07068897204490425
0.05429892141756549
0.059128329297820824
0.010607528065155183
0.09421527624917457
-0.047274928461369145
0.041606867708562624
0.09037420206911732
0.012504952674444202
0.044012766894122826
0.04815100154083206
-0.008184019370460049
-0.02310147479639005
-0.00962359674224081
0.06266563944530047
0.11704600484261503
-0.011309707241910633
0.07169711644287916
-0.00552938586836892
-0.02106317411402157
0.0664340744001761
-0.01795729694034779
0.09857142857142859
0.018941228263262163
0.08045344486022453
0.07300682368478979
0.006055469953775039
-0.029927360774818404
0.010752806515518382
0.03623156504512437
0.019960378604446403
0.05436275588817961
0.010477657935285054
-0.0074444199867928695
-0.014105216817081226
0.0007946290997138455
0.07621175434734757
-0.020699977988113582
0.017893462469733657
-0.05402377283733217
0.005370900286154523
0.10004402377283735
0.009000660356592562
0.03168390931102796
0.017332159366057674
0.020110059432093333
-0.04057010785824346
0.06521241470394012
0.04157384987893463
0.0015584415584415584
0.08653532907770196
0.05637244111820384
0.0873629760070438
0.0526106097292538
0.020633942328857586
-0.02055910191503412
0.07445960818842175
0.08350869469513537
0.09332159366057671
-0.02360774818401937
0.012896764252696456
-0.04690732995817742
-0.032000880475456746
0.04866387849438697
-0.028538410741800573
0.02021351529826106
0.07141316310807837
-0.011587057010785825
0.01529605987233106
0.03993176315210214
-0.0387343165309267
0.05427911071978869
0.02557781201848999
0.10613031036759851
-0.025643847677745985
0.043612150561303104
0.03072859344045785
0.05657274928461369
-0.01337442218798151
0.0424455205811138
0.04776359233986353
0.08054149240589918
0.03241470394012767
0.03715606427470834
0.06607968302883557
0.06932203389830509
6.383447061413163e-05
-0.016482500550297163
0.08642967202289237
0.08644508034338544
0.09716927140655955
-0.016231565045124366
0.0664935064935065
0.029874532247413602
0.10272507153863086
0.04651331719128329
-0.018076161127008585
