0.0710279550957517
0.02775478758529606
-0.040347787805414925
-0.0054149240589918555
0.0313119084305525
-0.013367818622055909
6.603565925599824e-05
0.03452564384767775
0.02391371340523883
0.08760290556900727
-0.0026348228043143298
0.048164208672683256
0.0010741800572309048
0.08022011886418666
0.09808716707021792
0.022049306625577813
0.06119524543253357
0.06898745322474135
0.04773057451023553
0.016392251815980627
0.025734096412062514
-0.031243671582654634
-0.0212458727712965
-0.01364736957957297
0.0803565925599824
0.0648448162007484
-0.002225401716927141
0.027519260400616335
0.008804754567466433
-0.013090468853180718
-0.004475016508914814
0.06442659035879375
0.023477878054149238
0.042557781201849006
0.05062733876293198
0.05812238608848778
0.04837772397094431
0.014257098833370022
0.11096852300242131
0.06024433193924719
0.026319612590799034
0.08300462249614791
0.006766453885097954
0.07818842174774379
0.06076161127008585
-0.012445520581113801
0.10584415584415585
0.12531587057010785
0.04818622055910192
0.08424169051287696
0.003178516398855382
0.1089522342064715
0.052355271846797266
0.011054369359454105
0.05314769975786925
-0.07879594981289896
0.027556680607528066
0.04927801012546776
0.05488883997358574
0.03949592780101255
0.07051948051948052
-0.03423948932423509
-0.018186220559101917
0.048934624697336566
0.09333480079242792
0.11488663878494387
0.05491305304864628
0.06447061413163109
0.037395993836671804
0.11084965881576053
0.09117103235747305
-0.026198547215496366
0.033900506273387636
0.06983711204050187
-0.018485582214395776
0.007845036319612591
-0.060013207131851196
-0.010944309927360778
0.009566365837552278
0.047345366497908874
0.01549196566145719
0.08121725731895224
0.048300682368478974
0.09983931322914373
0.036883116883116886
0.038395333480079244
0.06033017829628
0.05279991195245433
0.0052960598723310595
0.019966982170372002
0.04817081223860885
0.06134272507153863
0.016317411402157166
0.07677305745102356
0.04119744662117544
0.04441558441558442
-0.006792868148800353
0.08269205370900287
0.07403257759189963
0.052031697116442885
0.030044023772837332
0.0030222320052828533
0.033178516398855384
0.05070217917675545
0.015174994497028397
0.007327756988773938
-0.01142637023992956
0.07834030376403257
-0.0642394893242351
0.06395773717807617
0.022216596962359676
0.02472595201408761
0.044391371340523886
0.011787365177195686
0.03982830728593441
0.10733656174334141
0.04596962359674225
0.016046665199207576
0.09967642526964561
-0.0067554479418886195
-0.0314637904468413
0.033132291437376185
0.043116883116883116
-0.0007858243451463792
0.10101254677525866
-0.026557340964120622
0.09962579793088269
-0.04275368699097513
-0.10856702619414484
0.01537310147479639
0.06120184899845917
-0.04686770856262382
0.04419106317411402
0.03558661677305745
0.0602179176755448
0.03348668280871671
0.07337222099933965
0.04219458507594101
0.007801012546775259
0.07849878934624697
0.041857803213735424
-0.05875632841734537
-0.020376403257759194
-0.018545014307726173
0.07793748624257099
0.047609509134932865
0.07351309707241911
0.06404578472375083
0.02720008804754568
0.03955315870570108
0.010367598503191725
0.08850099053488884
-0.008545014307726173
0.062212194585075944
0.05152542372881356
0.06358353510895885
0.03987673343605547
0.06728153202729474
0.01145498569227383
0.016070878274268105
0.0010477657935285055
-0.04304424389170152
-0.007554479418886199
0.07079242791107199
0.05779000660356593
0.04045784723750826
0.09462029495927801
0.09000220118864187
0.021314109619194367
0.04730134272507154
-0.013119084305524983
0.04017389390270746
0.01670261941448382
0.024833810257539068
0.03807175874972485
-0.014184459608188423
-0.02804314329738059
0.038078362315650455
0.030543693594541056
0.03308386528725512
0.025850759410081442
0.031483601144618095
0.035091349328637465
-0.016425269645608632
0.06400616332819722
0.06712304644508035
-0.01516618974246093
0.03971384547655735
0.06014968082764693
0.049933964340744014
