0.14569667620515078
0.17753907109839312
0.19161567246313008
0.16885097952894565
0.14980409421087387
0.17315870570107858
0.20364296720228925
0.10260620735197006
0.1816971164428792
0.187145058331499
0.1834756768655074
0.18393572529165753
0.20830728593440456
0.15509355051727933
0.19026194144838213
0.2194012766894123
0.20464450803433856
0.10884217477437816
0.16794188861985473
0.1645608628659476
0.15523662777900066
0.20032137354171253
0.18349768875192607
0.21549636803874092
0.16882456526524323
0.1646731234866828
0.25037200088047545
0.20235967422408102
0.22149900946511117
0.2177481840193705
0.19144838212634824
0.1686022452124147
0.182722870349989
0.13192383887299142
0.19653092670041825
0.13301562843935727
0.15801232665639445
0.17039621395553597
0.1962821923838873
0.17846797270526085
0.18836011446180936
0.12308386528725512
0.196700418225842
0.1407395993836672
0.21143077261721333
0.1728417345366498
0.19014747963900508
0.18494827206691616
0.13734316530926702
0.19048206031256879
0.15368258859784284
0.12417565485362096
0.1671714725952014
0.22282632621615675
0.14503191723530706
0.21206031256878716
0.15519700638344708
0.22034778780541492
0.20491965661457187
0.2071472595201409
0.21067576491305307
0.21815980629539952
0.1437706361435175
0.14311688311688314
0.18313229143737622
0.15486022452124146
0.2038432753686991
0.19902927580893684
0.1690909090909091
0.149438696896324
0.17948272066916138
0.15300242130750608
0.18407660136473697
0.13721989874532248
0.1978978648470174
0.19479859123926924
0.18183579132731673
0.17445080343385427
0.18381025753907113
0.16176755447941887
0.15126568346907332
0.17008364516839095
0.13315430332379488
0.17667620515078145
0.154686330618534
0.22128769535549198
0.20434514637904472
0.17302443319392474
0.1572793308386529
0.1989852520360995
0.1808166409861325
0.10251375742901168
0.1777195685670262
0.1330728593440458
0.2258727712965001
0.1684767774598283
0.22315430332379485
0.18840413823464672
0.1793946731234867
0.18751265683469076
