0.2975434734756769
0.2572287034998899
0.2561611270085847
0.2903896103896104
0.27746863306185343
0.2678076161127008
0.2700198106977768
0.23539071098393133
0.29524103015628445
0.3092890160686771
0.2577107638124587
0.28212194585075945
0.2701430772617214
0.2946555139775479
0.26983711204050187
0.3113273167510456
0.2950297160466652
0.21924499229583977
0.3219656614571869
0.3009399075500771
0.2708694695135373
0.26901166629980194
0.2518379925159586
0.25610609729253797
0.27263482280431434
0.28906229363856484
0.27769535549196567
0.2649196566145719
0.2993286374642307
0.23233325996037862
0.311386748844376
0.2958287475236628
0.2903521901826987
0.25105436935945413
0.23528945630640546
0.22812018489984595
0.27906889720449046
0.2783204930662558
0.2955513977547876
0.2640083645168391
0.2304776579352851
0.2691657495047326
0.2621659696235968
0.2980277349768875
0.2741602465331279
0.2619656614571869
0.2895421527624918
0.28290997138454765
0.29702399295619636
0.29789566365837555
0.2804908650671363
0.2692471934844816
0.2674686330618534
0.2754017169271407
0.3074840413823465
0.2910499669821704
0.2995487563284174
0.2895619634602686
0.3132093330398415
0.24132071318512
0.286139115122166
0.2896808276469294
0.287030596522122
0.2805084745762712
0.24556240369799695
0.2923662777900066
0.2683645168390931
0.2693440457847238
0.27165309267004184
0.30562183579132735
0.2789918556020251
0.2470327977107638
0.26097952894563065
0.26320272947391593
0.2691943649570768
0.26208892802113143
0.2506163328197227
0.2723992956196346
0.25940788025533795
0.3009267004182259
0.271930442438917
0.30497248514197667
0.24621395553598946
0.28006383447061417
0.23675544794188863
0.23637464230684568
0.2329231785163989
0.31799251595861766
0.2803565925599824
0.2523002421307506
0.2633568126788466
0.2778934624697337
0.27193264362755887
0.2776645388509795
0.2805899185560203
0.25001100594320935
0.23739379264802993
0.24197446621175436
0.2644618093770636
0.243515298261061
0.2540832049306626
0.2710301562843936
0.24121505613031036
0.2826766453885098
0.26535769315430335
0.24549196566145717
0.2694453004622496
0.2543847677745983
0.26884657715166194
0.28438917015188203
0.26274928461369146
0.28809156944750164
0.28
0.2745102355271847
0.2332643627558882
0.23789346246973367
0.2950187101034559
0.31217257318952235
0.26825005502971605
0.26461369139335245
0.25444860224521243
0.3246290997138455
0.2795069337442219
0.255544794188862
0.2908936825885978
0.29419546555139775
0.26830288355712084
0.27552938586836895
0.2832291437376183
0.29358353510895885
0.2619898745322474
0.285511776359234
0.2726524323134493
0.30691173233546115
0.24814219678626456
0.2669777679947171
0.2847083425049527
0.2723574730354391
0.25358133392031695
0.28760290556900725
0.25469293418445965
0.27312128549416687
0.29336561743341405
0.2527470834250496
0.2753995157384988
0.282788906009245
0.3036583755227823
0.26939247193484483
0.28304644508034343
0.2533700198106978
0.28964780981730137
0.29283953334800794
0.3201386748844376
0.3104204270305965
0.2748558221439577
0.23084305524983495
0.23838212634822808
0.26768434954875636
0.2741206251375743
0.2918754127228704
0.2946665199207572
0.28115342284833816
0.26554919656614573
0.2411204050187101
0.2722628219238389
0.281864406779661
0.27406999779881136
0.3090710983931323
0.2610763812458728
0.3085626238168611
0.27200308166409864
0.2582874752366278
0.2619106317411402
0.28526524323134494
0.28632401496808274
0.297178076161127
0.310693374422188
0.26869029275808937
0.2984107418005723
0.29141536429672027
0.28279110719788686
0.23562843935725294
0.29039401276689414
0.277376183138895
0.2641668500990535
0.2903697996918336
0.23123046445080345
0.25347127448822365
0.2687673343605547
0.30584415584415586
0.27251815980629546
0.23214395773717808
0.2699141536429672
0.27506053268765135
0.3168478978648471
