-0.014105216817081226
0.03868368919216377
-0.02639885538190623
-0.00028395333480079243
-0.01012987012987013
0.04325335681267885
-0.00740479859123927
-0.028137794408980846
0.008375522782302445
-0.03456306405458948
0.0016640986132511557
-0.020942108738718906
0.013792648029936167
0.019264802993616555
-0.010303764032577593
0.007818622055910192
-0.05350429231785164
0.0400066035659256
-0.055852960598723314
-0.003863086066475897
0.019302223200528285
0.008998459167950694
-0.016744441998679287
-0.017479639005062733
0.02581333920316971
0.045489764472815324
-0.014045784723750829
-0.010292758089368258
0.030444640105657058
-0.04324014968082765
-0.06865287255117765
-0.12484261501210654
-0.035463350209112926
-0.015826546335020914
-0.008243451463790446
-0.014688531807175876
0.054193264362755886
-0.014508034338542813
-0.032821923838872995
-0.05212194585075942
0.014455205811138015
-0.05570107858243452
0.024274708342504957
0.01817081223860885
-0.010422628219238388
0.0047369579572969405
0.04077481840193705
-0.02106317411402157
-0.031109399075500775
-0.059242791107197885
0.027230904688531808
-0.04095091349328638
0.019029275808936826
-0.04382126348228044
0.021052168170812242
-0.07194144838212635
-0.03177856042262822
0.06668721109399076
-0.008551617873651773
0.006332819722650232
0.03690072639225182
-0.035097952894563064
-0.0006603565925599824
-0.02198767334360555
-0.031080783623156506
0.002909971384547656
-0.011476997578692494
-0.03696015848558221
-0.010748404138234647
0.030944309927360775
0.04195245432533569
0.05961038961038962
-0.029749064494827206
-0.037068016729033676
-0.03937266123706802
-0.04221219458507594
-0.026552938586836893
0.05084525643847678
-0.05794188861985473
-0.04187761391151222
-0.058558221439577375
-0.08085846357032798
-0.03965441338322694
-0.018426150121065375
-0.03160246533127889
0.021283292978208232
0.04217257318952235
-0.01604886638784944
-0.0641008144397975
-0.06588157605106758
0.026165529385868372
0.03704160246533128
-0.01783403037640326
-0.008591239269205372
-0.02719788685890381
-0.005190402817521462
0.04445080343385428
-0.04337001981069778
-0.09081223860884878
0.006110499669821704
