-0.07950033017829629
0.032804314329738064
-0.03970283953334801
0.0876865507373982
-0.06650671362535769
-0.1152872551177636
0.06838212634822805
-0.028340303764032578
-0.016040061633281973
-9.024873431653093e-05
-0.013695795729694035
0.061569447501650894
0.01312788906009245
-0.04779000660356592
0.017318952234206472
0.06647149460708783
0.02357032797710764
0.010983931322914375
-0.040261941448382126
-0.08855822143957738
-0.004604886638784944
-0.03704820603125688
0.02050187101034559
-0.057633722209993396
-0.03780761611270086
-0.02267444419986793
-0.045626238168611055
0.0064626898525203605
0.04748624257098834
0.0052696456086286595
-0.026257979308826767
-0.08409421087387191
-0.05097072419106317
0.059480519480519474
-0.0685692273827867
0.023400836451683914
-0.0064979088707902265
-0.07491525423728813
0.029436495707682152
0.012000880475456747
0.030823244552058114
-0.02367598503191724
-0.0324389170151882
0.05662998018930223
0.02715826546335021
0.013202729473915917
-0.0754655513977548
-0.014983491085186002
0.007107638124587278
-0.09521681708122386
-0.03794849218578033
0.013268765133171915
-0.06631300902487343
-0.08241470394012768
-0.07438696896324015
-0.053530706581554045
-0.004162447721769756
0.014880035219018269
-0.014785384107418005
-0.07422848338102576
0.07103455866167731
-0.039077701959057895
-0.015469953775038521
-0.055364296720228925
0.0017785604226282195
-0.035762711864406785
-0.031144618093770636
-0.02818622055910192
-0.05269865727492847
-0.04897424609289017
0.004162447721769756
-0.043709002861545235
-0.03472595201408761
-0.020400616332819723
-0.026044464010565708
-0.022898965441338327
-0.12254897644728155
-0.1186682808716707
0.03217697556680608
-0.04076601364736958
-0.04301562843935726
-0.11697996918335903
-0.008212634822804316
-0.07661016949152542
-0.009465111160026416
0.022412502751485805
0.028509795289456304
-0.02026634382566586
-0.005067136253576932
-0.015657054809597185
-0.01406339423288576
0.006491305304864627
-0.04552498349108519
0.0037552278230244336
-0.040365397314549856
-0.062084525643847685
-0.10226942548976448
-0.011525423728813562
0.04489544353951134
0.05943869689632402
