0.1620250935505173
0.1304028175214616
0.15889280211314108
0.16258199427690956
0.12781862205591019
0.15916795069337444
0.16444199867928683
0.1687233105877174
0.15466211754347348
0.1598151001540832
0.16103455866167732
0.15077481840193704
0.1677525863966542
0.1558551617873652
0.13626018049746863
0.17496147919876734
0.16422408100374203
0.16602025093550518
0.2243605546995378
0.1372837332159366
0.17458067356372442
0.18687211093990755
0.1584965881576051
0.158135593220339
0.15383667180277352
0.1834690732995818
0.15689632401496809
0.16879815100154086
0.1634030376403258
0.13939907550077044
0.1445366497908871
0.16315430332379485
0.13419546555139777
0.1509090909090909
0.1325665859564165
0.15659035879374864
0.1566255778120185
0.17573409641206253
0.15970283953334802
0.12203169711644288
0.13210653753026635
0.12354831609068898
0.19293638564825005
0.12512876953554922
0.16068236847897865
0.13218357913273168
0.2047391591459388
0.1424058991855602
0.1650297160466652
0.14766894122826327
0.13655513977547878
0.17750165089148143
0.18356152322254018
0.162524763372221
0.11853841074180056
0.14150121065375304
0.1021813779440898
0.16281091789566368
0.13941888619854723
0.10989654413383228
0.09880475456746646
0.17023112480739602
0.19918556020250938
0.16560642747083426
0.10283292978208233
0.15785384107418005
0.17466872110939907
0.17843055249834913
0.1133215936605767
0.14989214175654855
0.15806075280651552
0.13372881355932204
0.15540171692714067
0.1770614131631081
0.1437926480299362
0.15952014087607308
0.1363086066475897
0.13640545894783185
0.14696015848558222
0.1606405458947832
0.1763218137794409
0.15760510675764913
0.15207351970063834
0.14668060752806517
0.13351529826106098
0.09652872551177638
0.1162491745542593
0.1737992515958618
0.19782302443319394
0.18201628879594983
0.1238961038961039
0.16622936385648254
0.12949152542372883
0.1976821483601145
0.15039181157825224
0.1312656834690733
0.13991635483160908
0.18554699537750388
0.15475456746643187
0.19134492626018051
