0.10891041162227603
0.21971824785384111
0.14840854061193046
0.18929341844596081
0.1944045784723751
0.18664098613251157
0.19523882896764252
0.13031697116442878
0.15674884437596304
0.11658375522782304
0.14550737398195027
0.14717367378384327
0.07351089588377724
0.22092229804094213
0.17219238388729916
0.1753334800792428
0.15102135152982613
0.16773717807616115
0.1515320272947392
0.1835395113361215
0.17931102795509576
0.1244111820383007
0.13580233325996038
0.17173233546114905
0.1939885538190623
0.19660576711424171
0.13701298701298703
0.17884217477437817
0.236634382566586
0.09848778340303764
0.14283072859344045
0.26467092229804096
0.18716927140655953
0.20818622055910194
0.1326546335020911
0.1840964120625138
0.15177635923398636
0.12749284613691395
0.1546423068456967
0.13968082764692935
0.10380145278450362
0.25534888839973585
0.20507373981950255
0.21393792648029936
0.1971648690292758
0.1685824345146379
0.13962139555359895
0.13941228263262162
0.16287915474356154
0.13732775698877395
0.20861545234426593
0.2222694254897645
0.14839973585736296
0.1227030596522122
0.09129429892141758
0.1844640105657055
0.13474796390050628
0.24733876293198326
0.2135923398635263
0.2024125027514858
0.1612282632621616
0.1891701518820163
0.15076821483601147
0.09435615232225403
0.16018930222320055
0.16866607968302882
0.09721549636803874
0.09093770636143518
0.20445960818842177
0.15461809377063615
0.14334140435835352
0.08011666299801894
0.17398415144177856
0.14226942548976448
0.1298437156064275
0.19103675985031918
0.18795289456306405
0.22232445520581115
0.10348888399735857
0.135379705040722
0.19479859123926924
0.1538564825005503
0.13671582654633502
0.1972198987453225
0.20346026854501434
0.14917675544794187
0.1973321593660577
0.20922518159806297
0.17767334360554699
0.19010785824345144
0.07697116442879155
0.2029033678186221
0.14873211534228484
0.16005943209333043
0.1086220559101915
0.1345740699977988
0.14351749944970285
0.1570261941448382
0.15692714065595423
0.11461809377063616
0.10797710763812461
0.17553598943429452
0.23758309487123047
0.20612150561303103
0.18251155624036983
0.23773497688751927
0.16762711864406782
0.11316090688972047
0.14528725511776358
0.22802993616552938
0.2007065815540392
0.11694695135373102
0.20149020471054369
0.12355051727933086
0.18937046004842614
0.12326876513317193
0.19734536649790888
0.13807395993836674
0.1563878494386969
0.13904028175214617
0.23309927360774818
0.1795399515738499
0.16926480299361654
0.17269865727492847
0.17138895003301782
0.18036539731454987
0.18701738939027077
0.15473035439137134
0.2433678186220559
0.18677085626238168
0.14364296720228922
0.12533127889060094
0.19255117763592342
0.15632621615672462
0.14032137354171254
0.161518820162888
0.21127228703499892
0.13534008364516842
0.1375148580233326
0.04993836671802773
0.14961479198767336
0.1692141756548536
0.12172573189522344
0.1430728593440458
0.17719568567026195
0.16280871670702182
0.17812458727712968
0.20349108518600045
0.15699757869249395
0.14911512216596964
0.15001981069777678
0.19236627779000662
0.1872595201408761
0.11808716707021791
0.08924719348448162
0.11853400836451686
0.16911512216596966
0.10001981069777682
0.1720030816640986
0.23820383006823687
0.15535769315430334
0.18976007043803655
0.21298701298701297
0.152689852520361
0.20537310147479643
0.1405745102355272
0.20036759850319175
0.144224081003742
0.19282192383887303
0.18773937926480302
0.17869029275808937
0.15460708782742683
0.12208232445520581
0.0813515298261061
0.19145058331499012
0.17666960158485584
0.17375522782302444
0.1871868809156945
0.16966982170372003
0.14923398635263044
0.19938586836891922
0.1893154303323795
0.14443319392471937
0.18181598062953996
0.10576051067576492
0.22587497248514202
0.1778780541492406
0.16403037640325774
0.1866299801893022
0.19157164869029275
0.149636803874092
0.15342945190402818
0.15623156504512437
0.1262227602905569
0.15326876513317192
0.1810367598503192
0.14877834030376405
0.1531961259079903
0.20352850539291217
0.17931763152102137
