-0.0877922077922078
0.002566585956416465
-0.09609509134932864
-0.06333259960378605
-0.11149900946511115
-0.05741580453444861
0.0021549636803874094
-0.07692934184459609
-0.05104996698217038
-0.08187981510015409
-0.028538410741800573
-0.06142637023992956
0.02550957517059212
-0.11562843935725294
-0.10864406779661019
-0.0835527184679727
-0.1786748844375963
-0.09783403037640326
-0.036451683909311035
-0.04133392031697117
-0.08623156504512437
-0.1656900726392252
-0.10477437816420868
-0.04083204930662558
-0.05340083645168391
-0.057250715386308604
-0.10523222540171694
-0.05596081884217478
-0.10081884217477438
-0.16416905128769538
-0.01764472815320273
-0.08780981730134271
-0.010633942328857584
-0.14444640105657056
-0.006295399515738499
-0.042606207351970064
-0.053579132731675104
-0.07695135373101476
-0.0751948051948052
-0.05897424609289017
-0.10117763592339864
-0.10035659255998239
-0.0004798591239269206
-0.12388509795289455
-0.11736737838432756
-0.08509355051727932
-0.08884877834030376
-0.06585075941008145
-0.09070878274268104
-0.10674664318732116
-0.022923178516398857
0.0005326876513317191
-0.049964780981730135
-0.0006097292537970505
-0.08978648470173896
-0.05022672243011226
-0.018952234206471498
-0.06653973145498569
-0.17572969403477878
-0.025731895223420644
-0.08396654193264363
-0.07300242130750605
-0.07070878274268105
-0.028179616993176317
-0.060396213955535995
-0.17386528725511777
-0.009621395553598944
-0.10332599603786044
-0.0865925599823905
-0.013244552058111378
-0.06087827426810478
-0.0992758089368259
-0.09641206251375742
-0.03637023992956197
-0.028401937046004844
-0.11806735637244112
-0.05586396654193264
-0.09528725511776359
0.0263944530046225
-0.042949592780101256
-0.03579132731675105
-0.08935945410521683
-0.13143957737178077
0.02859784283513097
-0.10150781421967864
-0.14871230464450805
-0.09463570327977107
-0.0651089588377724
0.008864186660796832
-0.043048646268985254
-0.05917675544794188
0.009555359894342946
-0.0724719348448162
-0.0020405018710103456
-0.03877173673783844
-0.08327316751045565
-0.13004182258419547
-0.07444419986792869
-0.029854721549636802
-0.10695795729694035
