-0.08889500330178297
-0.06037200088047545
-0.028655073739819504
-0.006174334140435836
-0.03769535549196566
-0.04707241910631741
-0.02534668721109399
-0.012731675104556462
-0.05246973365617434
-0.07950473255558002
-0.027827426810477656
-0.008718908210433635
-0.029200968523002427
-0.032522562183579136
-0.036354831609068904
-0.0009531146819282412
-0.019731454985692277
-0.11151221659696235
-0.03249834910851861
-0.14667840633942328
-0.018912612810917894
-0.07275148580233326
-0.08929561963460268
-0.11459388069557562
0.0322738278670482
-0.08833370019810699
-0.06338762931983272
0.05212194585075942
-0.07405679066696015
-0.07851199647809819
-0.06824345146379045
-0.09466431873211535
-0.04837332159366058
-0.14525203609949375
-0.08226722430112261
-0.01609289016068677
-0.07359674224081005
-0.055115562403698005
-0.082590799031477
-0.060543693594541065
-0.100066035659256
-0.08189742460928903
-0.02915474356152322
-0.01911292097732776
-0.03139335241030157
-0.06926920537090028
-0.01917015188201629
-0.07387849438696897
-0.06729914153642967
0.020880475456746646
-0.09203830068236848
-0.06548095971824786
-0.061736737838432754
0.023546114902047107
-0.08780761611270087
-0.13271186440677965
-0.03282632621615673
-0.03612150561303104
0.012987012987012988
-0.018815760510675766
-0.013616552938586836
-0.10599603786044465
-0.04858903808056351
-0.07946070878274268
-0.030048426150121068
-0.04492405899185561
-0.014441998679286815
0.0009267004182258419
-0.08561963460268544
0.021622276029055695
-0.03274928461369139
-0.04861325115562404
-0.08147919876733438
-0.03311248073959938
-0.04795509575170592
-0.1140479859123927
-0.14361435174994497
-0.046414263702399296
0.05387189082104337
-0.03584635703279772
-0.009251595861765355
-0.07050847457627119
-0.06094871230464451
-0.022452124147039402
-0.042071318511996476
-0.030931102795509577
-0.09211093990755008
-0.014081003742020691
0.0073585736297600715
-0.025252036099493728
-0.06106757649130531
-0.10986132511556242
-0.06434954875632842
-0.016086286594761173
0.00888399735857363
-0.028545014307726175
-0.11040281752146158
-0.08010345586616774
0.016537530266343827
-0.06593440457847237
