0.1345366497908871
0.07059652212194585
0.12942328857583096
0.06300682368478978
0.11942548976447281
0.12059652212194585
0.10938586836891923
0.10967202289236189
0.15525643847677748
0.11893462469733655
0.13868589038080564
0.12065375302663439
0.1441360334580674
0.11434514637904468
0.11453444860224521
0.07939687431212857
0.14311027955095754
0.112722870349989
0.1115034118423949
0.12450363196125909
0.10364516839093109
0.09939027074620295
0.10819722650231124
0.1296654193264363
0.09738058551617874
0.15469953775038522
0.14097512656834693
0.11428131190843055
0.1434888839973586
0.12068236847897866
0.12269205370900287
0.13627338762931984
0.1303367818622056
0.13003521901826987
0.16161567246313008
0.11559762271626679
0.11500110059432093
0.1264076601364737
0.12258859784283514
0.1284195465551398
0.08524323134492626
0.1339027074620295
0.1230002201188642
0.1054391371340524
0.11981289896544134
0.146172132951794
0.0929738058551618
0.1604336341624477
0.0830398415144178
0.08353510895883777
0.12295179396874312
0.08698657274928462
0.1453268765133172
0.11705260840854062
0.10025313669381467
0.12775698877393793
0.07569667620515079
0.13947611710323574
0.11025313669381466
0.11648470173893904
0.08375963020030816
0.11053048646268987
0.10359674224081004
0.12867268324895445
0.14403697996918338
0.13870349988994057
0.13780761611270087
0.13130090248734316
0.1649570768214836
0.09276469293418448
0.16197666740039623
0.1085956416464891
0.11480079242791108
0.13422848338102575
0.08631300902487343
0.16133392031697116
0.1340611930442439
0.10849878934624699
0.14349988994056792
0.10907550077041603
0.1399537750385208
0.09093330398415145
0.08960818842174774
0.12820383006823685
0.15262381686110502
0.12050187101034558
0.11200088047545674
0.120429231785164
0.13394232885758312
0.12313229143737621
0.08189082104336343
0.13461809377063616
0.11856042262821925
0.09515738498789347
0.10210433634162447
0.13373541712524764
0.1085163988553819
0.13257539071098393
0.12755227823024434
0.08510015408320493
