0.22398195025313675
0.19875852960598725
0.20590799031476997
0.1950253136693815
0.25515958617653534
0.2455602025093551
0.226385648250055
0.24296279991195247
0.26460048426150123
0.2113515298261061
0.2009817301342725
0.19389170151882015
0.20952454325335682
0.21894783182918778
0.22074840413823466
0.264653312788906
0.24162887959498133
0.2616398855381907
0.2681796169931763
0.23536869909751265
0.2150847457627119
0.2217543473475677
0.263944530046225
0.21036539731454987
0.2163350209112921
0.25690953114681925
0.21123486682808718
0.1911424169051288
0.18043803653973145
0.2311358133392032
0.19104336341624478
0.20309927360774818
0.22497908870790229
0.2325555800132071
0.22052828527404797
0.2380277349768875
0.21734096412062517
0.23151441778560425
0.2264142637023993
0.19077701959057894
0.22983270966321812
0.2636341624477218
0.26215056130310366
0.22997578692493947
0.21723970944309925
0.2152344265903588
0.2319436495707682
0.19098173013427253
0.20352630420427031
0.23137574290116666
0.2121505613031037
0.24022672243011226
0.2817037200088048
0.22051287695355493
0.23539511336121507
0.18279771076381246
0.18207572088928026
0.20587937486242572
0.18699537750385212
0.23461369139335242
0.24128989654413385
0.2159189962579793
0.23263482280431433
0.188961038961039
0.20729033678186218
0.17607968302883556
0.2074158045344486
0.22479639005062735
0.24626898525203608
0.1965573409641206
0.22465991635483165
0.188498789346247
0.20015628439357255
0.20538190622936386
0.2254589478318292
0.24234426590358793
0.1869755668060753
0.20030816640986135
0.22707462029495926
0.23272727272727273
0.21123926920537092
0.22063394232885755
0.22374202069117322
0.19326656394453007
0.22667180277349772
0.20167290336781862
0.17563504292317852
0.277673343605547
0.2453554919656615
0.19126128109178958
0.2083645168390931
0.2586066475896985
0.22106757649130532
0.23256218357913272
0.2142130750605327
0.2290578912612811
0.17942108738718907
0.2243253356812679
0.25914373761831394
0.20642306845696679
