0.17786264582874753
0.11147259520140876
0.11705040721989875
0.1590777019590579
0.13457847237508255
0.1204556460488664
0.1603191723530707
0.1159718247853841
0.10234866828087168
0.13788685890380808
0.10968523002421307
0.14856922738278672
0.12376183138895004
0.1126502311248074
0.1423794849218578
0.12192163768434955
0.11775478758529606
0.15831829187761393
0.1398217037200088
0.1118732115342285
0.14298481179837114
0.1327624917455426
0.14778340303764034
0.09920757208892803
0.1083909311027955
0.12831609068897207
0.12107638124587278
0.12283733215936607
0.11925599823904909
0.11109178956636584
0.1311204050187101
0.10061193044243893
0.13687431212854942
0.16407219898745323
0.12030816640986133
0.15927801012546774
0.1275346687211094
0.08836671802773498
0.10750385208012327
0.12389830508474577
0.1309553158705701
0.12920537090028614
0.1550561303103676
0.1323662777900066
0.11932423508694696
0.11060092449922959
0.13851860004402378
0.07969183359013868
0.13293198327096634
0.13886198547215498
0.12933744221879814
0.12358353510895884
0.08903147699757868
0.08209553158705701
0.11950033017829628
0.14884437596302003
0.13970724191063175
0.13381686110499671
0.11166409861325116
0.11123486682808717
0.11446401056570549
0.09366497908870791
0.09618313889500331
0.13594320933303985
0.11670702179176756
0.15305524983491084
0.1279837112040502
0.13776139115122168
0.11047985912392691
0.1238564825005503
0.13468412942989214
0.13511996478098173
0.09888179616993178
0.11695795729694035
0.09953775038520801
0.10175214615892583
0.12093770636143518
0.14378164208672684
0.12755007704160246
0.10556680607528066
0.11926260180497468
0.15590799031476998
0.08575830948712306
0.1294673123486683
0.09318291877613911
0.09064935064935066
0.150726392251816
0.138630860664759
0.12663658375522782
0.1311666299801893
0.12788685890380805
0.1378164208672683
0.1371252476337222
0.1270283953334801
0.1091173233546115
0.11453664979088708
0.1269029275808937
0.1541866607968303
0.11542813119084307
0.12950913493286376
