-0.08464891041162229
-0.12781421967862644
-0.029445300462249618
-0.015661457186880917
-0.153449262601805
-0.013204930662557781
-0.045683469073299586
-0.08081884217477438
-0.05704820603125689
-0.07169271406559544
-0.07055249834910853
-0.11762491745542594
-0.12083204930662558
-0.13216156724631303
-0.1156174334140436
0.023515298261060975
-0.03184239489324235
0.008961038961038961
-0.03153422848338103
-0.03339423288575831
-0.10574069997798811
0.018250055029716047
-0.10617653532907771
-0.024356152322254018
-0.07958837772397095
-0.04452124147039402
-0.07200748404138235
-0.16965881576051067
-0.07171912832929782
-0.040565705480959724
-0.05176095091349329
-0.0586880915694475
-0.05976007043803654
-0.10190843055249836
0.002438917015188202
-0.01551617873651772
-0.0341404358353511
-0.2032907770195906
-0.15846136913933523
-0.04379484921857804
-0.048379925159586175
0.0024983491085186003
-0.15126568346907332
-0.032372881355932207
-0.035804534448602245
-0.09000880475456748
-0.06112260620735197
-0.06976667400396215
-0.09583314990094652
-0.04021351529826106
-0.04801012546775259
-0.025914593880695575
-0.0980761611270086
-0.03568126788465772
-0.09760950913493287
-0.10566365837552277
-0.14614791987673342
-0.09423728813559322
0.0008056350429231786
-0.07524323134492626
-0.08161127008584636
-0.048516398855381906
-0.03
-0.03672022892361876
-0.08744001760950913
-0.10840854061193045
-0.09484041382346468
0.003746423068456967
-0.002392692053709003
-0.021516618974246095
-0.08208892802113142
-0.017616112700858465
-0.08309707241910633
-0.07973805855161786
-0.11783182918776139
-0.02100154083204931
-0.03186660796830289
-0.08609509134932865
-0.1380167290336782
-0.018329297820823248
-0.023418445960818844
-0.05746423068456967
-0.11944309927360776
-0.05744441998679287
-0.06253797050407221
0.07714065595421528
-0.08335241030156285
0.04827206691613471
-0.012093330398415146
-0.04639225181598063
-0.054393572529165754
-0.11340744001760951
-0.01960598723310588
-0.16066255778120186
-0.08178736517719568
0.009870129870129871
-0.010552498349108519
-0.05277129650011007
0.029658815760510677
-0.07381906229363856
