0.0039005062733876296
0.012535769315430333
-0.048976447281532026
0.0325445740699978
-0.005141976667400397
0.038060752806515524
-0.12640325775918998
-0.017492846136913934
-0.03298040942108739
-0.015340083645168392
-0.015725291657495047
-0.1269997798811358
0.06408980849658816
-0.00978648470173894
0.11082104336341625
0.04246313009024874
0.012438917015188202
0.044558661677305746
-0.023697996918335903
0.010761611270085847
0.05243451463790447
0.02307726172132952
0.03973585736297602
-0.058666079683028845
0.09476337222099934
0.0413251155624037
0.07243011226062075
0.011256878714505836
0.02908210433634163
0.022599603786044465
-0.09465331278890601
-0.013700198106977767
-0.006621175434734757
0.09000440237728374
0.06401056570548097
0.03668500990534889
0.04590799031476998
-0.0034228483381025755
0.034155844155844155
-0.027530266343825667
-0.003211534228483381
-0.013680387409200967
-0.006493506493506494
0.017079022672243014
0.04299581774158045
-0.033568126788465776
0.027679947171472596
0.028151001540832048
0.003779440898084966
0.01586616773057451
0.056865507373981945
0.030341184239489324
0.02609509134932864
-0.01820823244552058
0.017373981950253137
-0.03076161127008585
0.008452564384767774
0.016740039621395555
-0.011633281972265024
0.01742460928901607
0.02366277790006604
0.03549636803874092
0.05541272287035
0.06006163328197227
0.024598283072859342
0.017649130530486463
-0.07138234646709224
0.01360114461809377
-0.09476557340964122
0.008054149240589918
-0.007239709443099274
-0.06332599603786045
0.06382126348228044
-0.005941008144397975
0.10453444860224521
0.030215716486902928
-0.008635263042042703
0.046995377503852076
0.05068456966762052
0.041974466211754345
0.04095311468192824
0.007880255337882456
-0.03995597622716267
-0.05459608188421748
-0.04197886858903808
-0.09403697996918337
-0.03401276689412283
-0.05833149900946511
0.04893242350869469
0.007270526084085407
-0.01839753466872111
-0.048012326656394454
0.012346467092229805
0.011545234426590358
0.03633061853400837
0.040565705480959724
0.04556240369799692
0.04338983050847458
0.023407440017609513
0.041336121505613034
