0.01327096632181378
0.07669821703720009
0.019132731675104556
0.0839423288575831
0.07065595421527625
0.019654413383226942
0.03919216376843496
0.009735857362976007
0.022987012987012986
0.03310367598503192
0.10046004842615013
0.10761831388950034
0.0008452564384767775
0.08198106977767997
-0.019608188421747746
0.06490865067136253
0.03
0.03467532467532468
0.16786264582874752
0.10416685009905349
0.07828967642526966
-0.005346687211093991
0.09274268104776578
0.09281532027294741
0.06831168831168831
0.08209112920977327
0.0526106097292538
0.016266784063394234
0.024175654853620956
0.0863284173453665
-0.004554259300022011
0.05568346907329959
0.14557561082984813
0.07757208892802113
0.05666960158485583
0.06267884657715167
0.037429011666299805
0.010041822584195465
0.032007484041382345
0.034662117543473474
0.05009465111160027
0.013717807616112701
0.09277790006603567
0.11010125467752586
0.01981950253136694
0.03160246533127889
0.042174774378164206
0.07492846136913935
0.0911666299801893
0.06407219898745323
0.0337772397094431
0.10830288355712085
0.025414924058991855
0.04563064054589478
0.10696456086286596
0.05689632401496809
0.05721989874532248
0.037050407219898746
0.06023992956196346
0.07498569227382787
0.012720669161347127
0.04685890380805636
0.041463790446841294
0.012485141976667401
0.04050627338762933
0.13642967202289238
0.033585736297600706
0.007706361435174995
0.09499449702839534
0.00862425709883337
0.05575390710983932
0.08959718247853843
0.019588377723970946
0.06251815980629541
0.0540215716486903
-0.10179837112040502
0.03484261501210654
0.08300682368478979
0.057977107638124595
-0.02271186440677966
0.04158045344486022
0.07214836011446181
-0.0187409200968523
0.03676645388509796
-0.04188861985472155
0.06751265683469074
0.035137574290116665
0.05366057671142417
0.08665199207572089
0.03863306185340084
0.04320713185119965
0.04960378604446401
0.024287915474356155
0.045168390931102795
0.05961038961038962
0.09705480959718249
0.061714725952014084
0.09349108518600045
0.10507814219678628
0.08485582214395775
