0.14184899845916796
0.187772397094431
0.10473695795729694
0.1431454985692274
0.0958881796169932
0.18853180717587498
0.1748448162007484
0.13583535108958839
0.14661897424609288
0.22122606207351975
0.141996478098173
0.16198547215496367
0.13893462469733656
0.1347017389390271
0.064785384107418
0.14824345146379045
0.10167070217917677
0.11198987453224742
0.08685890380805636
0.1892427911071979
0.0812392692053709
0.17950913493286375
0.13034778780541492
0.12505833149900947
0.0806339423288576
0.1863548316090689
0.24200968523002425
0.11550297160466652
0.09783623156504513
0.17363856482500553
0.12869029275808938
0.14035439137134054
0.06057671142416906
0.16630420427030596
0.19728153202729476
0.16647369579572968
0.1914902047105437
0.16634382566585956
0.10530486462689853
0.1687827426810478
0.18671582654633503
0.12904028175214619
0.11549416685009906
0.12916795069337444
0.1522408100374202
0.14018930222320053
0.1551287695355492
0.16066916134712744
0.10730574510235528
0.13467752586396653
0.19457847237508255
0.1365859564164649
0.1746885318071759
0.08788906009244991
0.17257318952234207
0.1243979749064495
0.10972485141976668
0.12170592119744662
0.08481179837112042
0.16484921857803214
0.10599603786044465
0.12467312348668283
0.1587409200968523
0.12672243011226064
0.1275214615892582
0.06099493726612372
0.17856922738278674
0.1264935064935065
0.19379484921857806
0.19888179616993173
0.1874025974025974
0.09868589038080565
0.07755888179616995
0.08875852960598725
0.1625313669381466
0.16465771516618974
0.19986132511556243
0.14230244331939249
0.027719568567026193
0.08192163768434955
0.16377503852080125
0.16280431432973808
0.09054809597182478
0.15135373101474797
0.16600704380365397
0.13346467092229805
0.17469073299581775
0.1494541052168171
0.17749504732555582
0.13891041162227602
0.0935791327316751
0.1199207572088928
0.17143957737178078
0.13090688972044906
0.14545674664318733
0.13924058991855603
0.16012106537530266
0.19554919656614575
0.1945014307726172
0.20525423728813563
