0.012198987453224744
0.1571934844816201
0.1323486682808717
0.12677305745102357
0.10252916574950473
0.06045124367158265
0.07906229363856482
0.06368038740920097
0.12120184899845916
0.11076381245872773
0.07973145498569228
0.07961259079903148
0.05062073519700638
0.09924058991855603
0.15511996478098175
0.07308826766453885
0.08149460708782742
0.10013427250715386
0.11213295179396875
0.11464450803433857
0.08751265683469073
0.1253004622496148
0.08843495487563284
0.05338102575390711
0.05374642306845697
0.0077349768875192605
0.06718247853841074
0.11229804094210874
0.025716486902927584
0.12998679286814882
0.17715166189742465
0.13963460268545014
0.09894122826326217
0.1198943429451904
0.09426370239929562
0.11162447721769755
0.10237508254457407
0.08320272947391592
0.10871450583314991
0.11545014307726172
0.10438256658595642
0.10282192383887298
0.08738498789346248
0.004417785604226282
0.04753686990975127
0.10694034778780544
0.03913713405238829
0.05673783843275369
0.03846136913933524
0.07066696015848559
0.10016729033678186
0.15829627999119525
0.11303764032577593
0.10613251155624037
0.07498789346246973
0.1209024873431653
0.11625137574290116
0.08196346026854502
0.11118203830068238
0.09621175434734758
0.07164648910411624
0.02955315870570108
0.14620074840413824
0.10846136913933525
0.08836011446180939
0.06712304644508035
0.10293198327096634
0.09294959278010126
0.08222320052828529
0.09062293638564825
0.030017609509134936
0.09007043803653973
0.08215496368038742
0.11371340523882897
0.10860664758969844
0.11328857583094872
0.11311908430552499
0.05346467092229804
0.10279110719788687
0.048895003301782966
0.03713405238828968
0.09906889720449041
0.11497248514197667
0.056002641426370244
0.049073299581774164
0.11087387189082105
0.08986572749284615
0.08416905128769536
0.09508474576271188
0.06318952234206471
0.06851419766674004
0.07333039841514419
0.12698437156064277
0.08682588597842834
0.11364076601364737
0.10763812458727713
0.041692714065595424
0.11912832929782083
0.09121505613031038
0.11503411842394894
