0.03900066035659257
0.07944309927360774
0.021078582434514638
0.009119524543253358
-0.028029936165529387
0.0025863966541932646
-0.02285274047985912
0.032254017169271405
0.05247413603345807
0.03220999339643407
0.03136693814659917
0.034891041162227604
0.003059652212194585
0.08135813339203171
0.0059652212194585075
0.05658155403918115
0.03537310147479639
0.033171912832929785
0.09833370019810699
-0.006585956416464891
-0.02163108078362316
0.03227162667840634
0.05773717807616112
0.054957076821483604
0.01873651771956857
0.046570548095971824
0.04322914373761831
0.006643187321153423
0.08360334580673565
0.05538190622936386
0.055806735637244115
-0.013429451904028177
0.010825445740699978
0.08051067576491305
0.026363636363636363
0.01485582214395774
0.022295839753466874
0.00764472815320273
0.07965221219458508
0.05635042923178517
-0.04972705260840854
0.0175148580233326
0.07392912172573189
0.020017609509134934
0.10069117323354614
0.08494166850099054
0.014871230464450803
0.0388465771516619
0.014475016508914815
0.061965661457186884
0.0017455425930002202
0.12417125247633722
0.09912832929782082
0.06874972485141977
0.0137640325775919
0.04422848338102575
0.023130090248734317
-0.04345806735637244
0.05013427250715386
0.05803653973145499
0.022769095311468198
0.017019590578912613
-0.0550297160466652
-0.007230904688531808
0.0537838432753687
0.05616773057451024
0.07051067576491306
0.07520360994937267
0.09358573629760071
0.07413823464670923
0.019139335241030155
0.0771714725952014
0.047541272287035
0.11524103015628438
0.08377283733215937
0.038263262161567245
0.018128989654413383
0.018243451463790448
0.05305524983491086
0.0548976447281532
0.0362491745542593
0.052731675104556466
-0.009962579793088266
0.057241910631741146
0.062788906009245
0.09078142196786265
0.06630420427030596
0.08164869029275809
0.0027977107638124587
0.028925819942769094
0.04825005502971605
0.09745322474136034
0.057362976007043806
0.07469513537310148
0.013664979088707903
0.007497248514197667
0.06512656834690733
0.02769755668060753
0.009328637464230684
0.07184239489324236
