0.19416905128769538
0.2587343165309267
0.15401716927140657
0.2040215716486903
0.22832929782082326
0.21283733215936604
0.1985362095531587
0.18850319172353072
0.24300462249614796
0.1662249614791988
0.24022232005282854
0.11835351089588377
0.22720008804754568
0.2337046004842615
0.21961699317631522
0.24086286594761172
0.2157561082984812
0.20764913053048648
0.12100594320933306
0.1739687431212855
0.09367158265463352
0.08567026194144839
0.23597622716266783
0.2108826766453885
0.17504732555580013
0.23956416464891045
0.21135813339203172
0.1996566145718688
0.14851860004402379
0.18719568567026196
0.19641426370239928
0.16264802993616553
0.11712304644508036
0.17387189082104337
0.2379683028835571
0.18094651111600266
0.17444419986792867
0.19431873211534229
0.2065727492846137
0.12919876733436056
0.23967642526964567
0.15364957076821484
0.15274047985912395
0.20707241910631738
0.20029495927801014
0.17723750825445742
0.17290116662998023
0.17116442879154745
0.1421175434734757
0.2636913933524103
0.16838652872551177
0.21600484261501207
0.1418666079683029
0.16296059872331056
0.24011005943209335
0.1288201628879595
0.19799251595861764
0.2267378384327537
0.24767554479418888
0.19542813119084304
0.15070878274268107
0.21094651111600268
0.18755227823024434
0.2095597622716267
0.21343165309267007
0.19806075280651556
0.22209333039841514
0.23205591019150343
0.20928461369139337
0.1613251155624037
0.23327536869909754
0.19961038961038963
0.18627118644067797
0.17598283072859347
0.25980409421087386
0.1541734536649791
0.23128109178956638
0.18836231565045128
0.17839533348007924
0.19153863086066475
0.1795663658375523
0.24517719568567028
0.09381465991635483
0.23603565925599823
0.19919436495707685
0.197079022672243
0.1960642747083425
0.20021131410961918
0.22942989214175658
0.21399075500770415
0.2795069337442219
0.14967862645828747
0.17979088707902272
0.1983645168390931
0.2732093330398415
0.21878934624697338
0.17711644287915476
0.24000220118864188
0.1891811578252256
0.17296940347787804
