0.2745674664318732
0.26709883337001983
0.22409861325115563
0.31201188641866606
0.26207351970063836
0.29955756108298487
0.3430552498349108
0.3246136913933524
0.31496588157605104
0.32427690953114685
0.2904204270305965
0.3413845476557341
0.2927272727272727
0.31746423068456964
0.28008364516839096
0.2797380585516179
0.32293198327096634
0.32217917675544794
0.30839093110279553
0.3270658155403918
0.28326436275588823
0.2378912612810918
0.2630134272507154
0.3004820603125688
0.27899405679066697
0.2790138674884438
0.2805326876513317
0.24218798151001542
0.31515958617653533
0.30043143297380587
0.23841514417785606
0.2662117543473476
0.3268390931102796
0.28682808716707026
0.2854721549636804
0.26624036979969185
0.2998239049086507
0.2886440677966102
0.28856702619414487
0.2338696896324015
0.34650231124807396
0.26515298261060977
0.30747523662777904
0.26466651992075724
0.303680387409201
0.3344265903587938
0.30182478538410745
0.310248734316531
0.2799383667180278
0.2717697556680608
0.3269293418445961
0.2904556460488664
0.30376623376623374
0.3328681488003522
0.3328153202729474
0.2960972925379705
0.26123486682808716
0.26354391371340524
0.29777679947171476
0.33336341624477217
0.2858551617873652
0.2544684129429892
0.23620955315870573
0.29628659476117103
0.31834250495267447
0.3028087167070218
0.3069491525423729
0.25848998459167954
0.2755249834910852
0.3064010565705481
0.28122386088487783
0.3103125687871451
0.2988685890380806
0.2663724411182038
0.27826546335020913
0.3033744221879815
0.2882082324455206
0.2903433854281312
0.31264582874752367
0.27649790887079023
0.26826766453885104
0.32063394232885756
0.26183799251595863
0.27856042262821923
0.2550935505172794
0.27204050187101037
0.26602245212414705
0.23382786704820602
0.2753026634382567
0.2452058111380145
0.28106097292537974
0.29215056130310374
0.26929121725731897
0.28373981950253135
0.2843979749064495
0.3166189742460929
0.21349328637464232
0.2720779220779221
0.24286594761171035
0.28768214836011446
