0.14433634162447723
0.19317411402157167
0.20900506273387628
0.176007043803654
0.1624058991855602
0.20766894122826327
0.19023332599603787
0.19701738939027075
0.231221659696236
0.20278450363196127
0.18543913713405238
0.16186440677966102
0.28013647369579575
0.14895663658375521
0.09935945410521684
0.17165969623596744
0.15779000660356593
0.19907550077041603
0.18541492405899185
0.14923838872991416
0.1582610609729254
0.18000440237728374
0.18743561523222543
0.19141096191943652
0.22843495487563287
0.15335241030156285
0.17946951353731017
0.15138674884437597
0.14163108078362316
0.16391811578252258
0.12620515078142197
0.14204710543693594
0.1487167070217918
0.19173673783843276
0.1612656834690733
0.17080783623156504
0.1125775918996258
0.19600924499229583
0.1740215716486903
0.1788751926040062
0.17011666299801892
0.21298481179837114
0.19267444419986796
0.17588157605106758
0.17675324675324677
0.19465771516618974
0.12942328857583096
0.15609509134932864
0.10085406119304424
0.17643847677745986
0.16019150341184238
0.2054325335681268
0.18881135813339206
0.1990490865067136
0.2132115342284834
0.14354391371340525
0.18878054149240592
0.1390050627338763
0.1790512876953555
0.18683469073299586
0.17044464010565707
0.21364736957957298
0.12235967422408102
0.1054061193044244
0.1843715606427471
0.15246533127889061
0.17406559542152764
0.14706801672903366
0.18226502311248077
0.1782148360114462
0.1852740479859124
0.13718247853841076
0.17832489544353952
0.2066387849438697
0.19040281752146157
0.1938234646709223
0.13712965001100597
0.16248954435395113
0.1859344045784724
0.20591239269205372
0.20989214175654852
0.1458991855602025
0.21735417125247636
0.21488443759630205
0.16693154303323796
0.173350209112921
0.185049526744442
0.11795509575170593
0.13310367598503192
0.14898084965881575
0.15858023332599602
0.18389170151882014
0.18893022232005285
0.20483821263482282
0.18160466651992077
0.12447061413163109
0.16502751485802333
0.1610873871890821
0.15649570768214835
0.12177856042262823
0.18068016729033679
0.13221439577371782
0.17104336341624476
0.14103015628439355
0.14777239709443102
0.11485362095531589
0.13132291437376184
0.12835571208452565
0.14835130970724192
0.1761765353290777
0.16758309487123044
0.1327030596522122
0.14039841514417786
0.220066035659256
0.1598084965881576
0.17898305084745764
0.19802113141096195
0.1885053929121726
0.1781620074840414
0.18354831609068897
0.18431432973805856
0.20056130310367598
0.15169711644287914
0.18007043803653974
0.22687651331719128
0.1544243891701519
0.11883116883116883
0.14291657495047327
0.16299141536429673
0.1945674664318732
0.14739819502531368
0.23081664098613253
0.13436715826546336
0.11262821923838874
0.13484041382346468
0.17743781642086728
0.15000440237728374
0.14436495707682148
0.17184899845916796
0.18338322694254897
0.18134052388289676
0.14377944089808498
0.1589126128109179
0.127508254457407
0.15530266343825666
0.1753224741360335
0.16230244331939248
0.16180277349768876
0.21218357913273167
0.1268434954875633
0.18694254897644727
0.23042042703059656
0.17772397094430994
0.20843715606427474
0.23488883997358578
0.1866123706801673
0.18376623376623377
0.18173893902707464
0.2207792207792208
0.21483601144618092
0.15099493726612373
0.14649790887079023
0.13059211974466212
0.14383226942548977
0.20147039401276692
0.15354611490204711
0.1872066916134713
0.08946070878274269
0.16312568787145057
0.21594761171032362
0.11536429672022892
0.14776359233986353
0.15443979749064493
0.24129650011005946
0.23528285274047986
0.18346246973365618
0.14845916795069336
0.14615452344265903
0.15399955976227164
0.08508694695135373
0.152854941668501
0.16224961479198768
0.16422408100374203
0.08206251375742901
0.19428131190843057
0.20137354171252478
0.15284393572529167
0.16811138014527846
0.17816861104996698
0.1815232225401717
0.18491525423728816
0.19577371780761615
0.1800528285274048
0.12005943209333039
0.18803213735417126
0.17578472375082543
0.16025093550517278
0.19092890160686773
0.1710147479639005
0.1411270085846357
