0.19132291437376184
0.23548756328417347
0.16559542152762494
0.15965221219458509
0.13418225841954656
0.17228483381025755
0.20283513097072417
0.15117543473475678
0.20127228703499891
0.21550957517059213
0.09815320272947392
0.15407660136473697
0.20480739599383666
0.2047919876733436
0.14480519480519483
0.2078758529605987
0.11579572969403477
0.23404798591239268
0.17429672022892362
0.2250187101034559
0.21465771516618978
0.18581333920316973
0.17459828307285935
0.2118930222320053
0.20891701518820163
0.12079903147699758
0.14655734096412065
0.15120405018710104
0.12948932423508697
0.14479418886198547
0.17447281532027295
0.23011226062073523
0.20160466651992076
0.18014747963900507
0.1896632181377944
0.185115562403698
0.20994056790666962
0.18593000220118863
0.23189082104336342
0.18943429451904029
0.17539291217257322
0.14375963020030816
0.21332819722650231
0.2060092449922958
0.23653092670041825
0.15218357913273167
0.14002421307506052
0.1582940788025534
0.21427911071978872
0.17983270966321815
0.13151441778560424
0.19036539731454988
0.19219238388729915
0.13548316090688972
0.168168611049967
0.1973915914593881
0.2848536209553159
0.20419326436275592
0.19774378164208675
0.18069117323354614
0.2102773497688752
0.20321813779440898
0.1813713405238829
0.17156064274708344
0.19159806295399517
0.2214175654853621
0.2165793528505393
0.18079022672243011
0.18848117983711205
0.2126370239929562
0.20279550957517062
0.17788906009244995
0.15279110719788686
0.18873871890821042
0.17726172132951795
0.19997358573629762
0.11689412282632622
0.1158925819942769
0.22328637464230688
0.1968963240149681
0.10960158485582214
0.17418225841954657
0.22759850319172356
0.19360114461809377
0.22492185780321375
0.18310367598503194
0.13282412502751487
0.14556680607528066
0.13674224081003744
0.17666740039621398
0.22605106757649132
0.17244992295839753
0.11650011005943209
0.14979308826766455
0.15235967422408103
0.15655073739819503
0.20163108078362316
0.1070988333700198
0.11118864186660798
0.1636715826546335
0.2046951353731015
0.1602113141096192
0.16975786924939468
0.09012106537530265
0.24212194585075944
0.15403918115782522
0.1911732335461149
0.2163878494386969
0.1964340744001761
0.16566585956416466
0.12171032357473036
0.19421747743781642
0.13151441778560424
0.14882236407660138
0.15152762491745542
0.11504292317851642
0.23674664318732114
0.20121945850759412
0.22874092009685232
0.21736297600704382
0.18199427690953118
0.21506053268765132
0.18651771956856703
0.1292692053709003
0.14652652432313448
0.11910191503411843
0.1545366497908871
0.18393572529165753
0.17220779220779223
0.10322694254897645
0.15519480519480522
0.21223860884877832
0.18977327756988777
0.2125775918996258
0.1644486022452124
0.1677988113581334
0.1560180497468633
0.16690072639225184
0.1989126128109179
0.19254677525863967
0.19923838872991417
0.1390909090909091
0.16979088707902265
0.13753686990975128
0.22005502971604665
0.12181377944089809
0.23851860004402375
0.2706911732335461
0.1897512656834691
0.20200088047545678
0.13633281972265024
0.1279837112040502
0.20213955535989436
0.15848778340303765
0.11658375522782304
0.17393792648029938
0.1700396213955536
0.20872991415364298
0.07233546114902048
0.20290556900726395
0.17200088047545675
0.18484701738939027
0.20584855822143958
0.2896984371560643
0.13764252696456086
0.16320052828527404
0.22731014747963904
0.247244111820383
0.19469513537310149
0.16608188421747744
0.17985031917235308
0.10574950473255558
0.1521175434734757
0.1875676865507374
0.19647149460708782
0.1582478538410742
0.14731234866828088
0.1899691833590139
0.18567906669601586
0.21826326216156725
0.17991415364296723
0.2306669601584856
0.19144177856042263
0.13689852520360996
0.18457186880915694
0.2156174334140436
0.1291635483160907
0.195445740699978
0.13273827867048205
0.19223640766013647
