-0.06283733215936606
-0.046431873211534226
-0.10541712524763373
-0.1356504512436716
-0.0689192163768435
-0.14971824785384108
-0.12815980629539953
-0.1073321593660577
-0.15959498128989655
-0.09605326876513318
-0.0733348007924279
-0.03539951573849879
-0.057723970944309935
-0.16615452344265902
-0.1056614571868809
-0.09937926480299362
-0.11665199207572088
-0.07293198327096632
-0.0489654413383227
-0.07928021131410963
-0.10491525423728815
-0.1547919876733436
-0.08011666299801894
-0.015139775478758529
-0.19743341404358355
-0.07195025313669383
-0.08016068677085628
-0.14357693154303325
-0.07295619634602686
-0.08531807175874973
-0.07483601144618095
0.005894783182918776
-0.0977856042262822
-0.10090688972044905
-0.08976887519260401
-0.019238388729914156
-0.1291173233546115
-0.08471054369359454
-0.12276689412282633
-0.048173013427250715
-0.05085186000440239
-0.1401716927140656
-0.05677525863966542
-0.12396213955535988
-0.031580453444860226
-0.06941448382126347
-0.09080123266563946
-0.08972485141976667
-0.12082104336341627
-0.09193044243891701
-0.08835571208452564
-0.07209333039841515
-0.10259520140876073
-0.09737398195025314
-0.06599603786044465
-0.09251595861765353
-0.18903367818622058
-0.08836231565045125
-0.028991855602025093
-0.0676139115122166
-0.1305348888399736
-0.11793308386528727
-0.10659476117103238
-0.10426150121065375
-0.06849438696896323
-0.10539291217257321
-0.09074840413823465
-0.10121065375302664
-0.1173497688751926
-0.12075941008144399
-0.1555425930002201
-0.022843935725291656
-0.0829605987233106
-0.07430772617213295
-0.05487343165309268
-0.11484921857803214
-0.04587937486242571
-0.07431873211534229
-0.11588157605106758
-0.10873211534228483
-0.1062359674224081
-0.09272507153863087
-0.09504732555580014
-0.17602905569007266
-0.08248294078802554
-0.06407880255337883
0.012786704820603125
-0.07450583314990095
-0.07526524323134492
-0.02533348007924279
-0.03921197446621176
-0.013559322033898306
-0.12016288795949813
-0.1830794629099714
-0.08541272287035
-0.14889720449042484
-0.07794188861985472
-0.0768434954875633
-0.09740699977988114
-0.09292758089368258
-0.1958595641646489
-0.08028615452344266
0.006121505613031037
-0.1324983491085186
-0.032742681047765794
-0.053411842394893244
-0.018285274047985915
-0.09178296279991195
-0.1961523222540172
-0.21851639885538193
-0.02386748844375963
-0.10613911512216598
-0.1817741580453445
-0.06546775258639666
-0.0828747523662778
-0.1442064714946071
-0.07665199207572089
-0.0915562403697997
-0.10165309267004181
-0.2315694475016509
-0.11311468192824126
-0.02934184459608189
-0.025014307726172132
-0.14546995377503852
-0.1739423288575831
-0.09488663878494388
-0.06598062953995158
-0.16214395773717807
-0.12428571428571429
-0.04428351309707242
-0.1716861104996698
-0.11309267004182258
-0.07381245872771297
-0.10750605326876514
-0.15999119524543254
-0.08639225181598063
-0.10283513097072419
-0.006685009905348889
-0.06782082324455206
-0.13529605987233106
-0.04917235307065816
-0.18580893682588598
-0.06307285934404579
-0.07290556900726393
-0.003775038520801233
-0.0789720449042483
-0.08202289236187542
-0.10907550077041603
-0.052432313449262614
-0.08751045564604888
-0.028758529605987234
-0.08986572749284615
-0.06597402597402598
-0.17026854501430774
-0.09042703059652214
-0.14136913933524103
-0.1223134492626018
-0.10572969403477879
-0.2187211093990755
-0.09194364957076821
-0.09527624917455425
-0.11838212634822805
-0.04321153422848338
-0.021683909311027955
-0.14132731675104557
0.0004402377283733216
-0.11418886198547215
-0.11672903367818621
-0.07973365617433414
-0.061556240369799696
-0.13038520801232667
-0.11763592339863525
-0.09724631300902489
-0.12836231565045125
-0.006097292537970504
-0.09862645828747524
-0.17254677525863968
-0.10979749064494827
-0.09791547435615233
-0.05064054589478318
-0.09369799691833591
-0.14554039181157824
-0.04212634822804314
-0.1896500110059432
-0.19535769315430332
-0.004532247413603346
-0.2477019590578913
-0.10480739599383668
-0.10332599603786044
-0.09003521901826987
-0.10225841954655515
-0.09417125247633723
-0.04669601584855822
-0.001230464450803434
-0.046317411402157165
-0.10272727272727274
-0.08462249614791989
-0.09546114902047106
-0.10985912392692056
-0.06159586176535329
