0.22392692053709004
0.19612150561303104
0.19163108078362315
0.20789346246973367
0.25498349108518603
0.1898415144177856
0.21312568787145061
0.20863086066475897
0.21438036539731456
0.19023552718467976
0.21379484921857805
0.2243605546995378
0.1802421307506053
0.13629760070438035
0.2304644508034339
0.2043319392471935
0.1392097732775699
0.18304204270305968
0.2267026194144838
0.21658815760510677
0.17357913273167513
0.1625203609949373
0.17267884657715166
0.21402817521461592
0.2453598943429452
0.21699757869249398
0.17964340744001764
0.1764274708342505
0.1394739159145939
0.22204050187101035
0.19260840854061193
0.21229143737618314
0.19672022892361876
0.18116883116883117
0.13746423068456967
0.22251375742901167
0.21220118864186663
0.17218578032137355
0.18550077041602467
0.27511336121505614
0.21076381245872772
0.23952894563064053
0.16322694254897646
0.1741228263262162
0.17441338322694258
0.12958177415804537
0.18057891261281092
0.13524543253356813
0.21268324895443538
0.20805635042923182
0.15134272507153865
0.20026854501430771
0.24270746202949592
0.14726612370680167
0.17707021791767558
0.23936385648250055
0.2256042262821924
0.17095091349328637
0.2331499009465111
0.25392912172573195
0.17918996257979308
0.15816420867268327
0.19746202949592778
0.19631961259079903
0.21034558661677305
0.21372000880475456
0.13953995157384988
0.20379264802993619
0.21894342945190404
0.22637023992956198
0.191617873651772
0.16926480299361654
0.19599163548316093
0.22128989654413384
0.178201628879595
0.1808166409861325
0.25952014087607306
0.23604886638784944
0.16489324235086947
0.18457406999779885
0.20538850979528947
0.1482390490865067
0.17828747523662777
0.21428571428571433
0.21861325115562402
0.20974466211754347
0.21965001100594322
0.19311248073959938
0.18121285494166853
0.19366938146599164
0.25567466431873215
0.17812458727712968
0.21553158705701078
0.19933524103015632
0.22131631080783626
0.18228483381025756
0.20011666299801892
0.1915298261060973
0.16946511116002644
0.2063548316090689
