0.06779220779220779
0.10003081664098613
0.12130970724191065
0.07074180057230905
0.1451683909311028
0.10624917455425929
0.14098833370019812
0.1583447061413163
0.14152322254017172
0.2187475236627779
0.12415584415584416
0.11149900946511115
0.18287915474356153
0.1514836011446181
0.24137574290116662
0.19732555580013209
0.16756768655073742
0.12189302223200528
0.12938806955756108
0.16767994717147258
0.1617477437816421
0.128102575390711
0.16054369359454104
0.1099471714725952
0.19156724631300903
0.13270085846357033
0.17940567906669605
0.18353731014747965
0.060334580673563724
0.09158045344486022
0.18563284173453665
0.13864626898525204
0.12744221879815099
0.16815980629539953
0.1363548316090689
0.12749284613691395
0.13478098173013425
0.11546335020911293
0.10284613691393354
0.18046885318071762
0.21491525423728813
0.1465661457186881
0.22798811358133395
0.1257230904688532
0.1406075280651552
0.10351970063834472
0.1316883116883117
0.09618093770636145
0.09236847897864847
0.09607528065155185
0.1781950253136694
0.16327316751045567
0.1755558001320713
0.15458067356372443
0.13414483821263484
0.15522782302443322
0.14607307946290998
0.11129429892141758
0.1258793748624257
0.07552718467972706
0.13147259520140878
0.20208672683248954
0.0724521241470394
0.0914703940127669
0.22489324235086952
0.09684349548756328
0.15406339423288576
0.04929121725731895
0.038877393792648034
0.23669821703720006
0.10815320272947393
0.14290556900726392
0.11145278450363197
0.08609068897204492
0.11990314769975788
0.18181157825225622
0.19761611270085847
0.16471054369359456
0.15447501650891482
0.18720228923618756
0.09789346246973366
0.12456306405458949
0.06843055249834912
0.2313009024873432
0.15867928681488003
0.1443451463790447
0.17863086066475897
0.15236407660136472
0.16585516178736517
0.1784129429892142
0.09993396434074402
0.19725731895223422
0.14597402597402598
0.14814659916354833
0.11288355712084526
0.17162007484041383
0.18359674224081005
0.125214615892582
0.1651882016288796
0.1327624917455426
0.16981069777679947
0.1568743121285494
0.23970063834470615
0.11167290336781864
0.13646489104116222
0.167805414924059
0.13133392031697116
0.1762183579132732
0.12360774818401939
0.1349438696896324
0.17398635263042045
0.13150561303103678
0.16030596522121948
0.21106097292537973
0.07008144397974907
0.07254677525863967
0.1475038520801233
0.12949372661237069
0.12558661677305746
0.23422848338102575
0.20238388729914158
0.0764274708342505
0.13331278890600926
0.10057230904688533
0.1830486462689853
0.11630640545894783
0.15462029495927804
0.12695575610829848
0.1242460928901607
0.11935725291657497
0.18068456966762053
0.12479418886198547
0.14772837332159366
0.16730574510235527
0.08896103896103896
0.08652652432313448
0.14450803433854284
0.057365177195685665
0.19359013867488448
0.10479418886198547
0.21360114461809376
0.18349328637464232
0.09792648029936164
0.08280431432973807
0.12161347127448822
0.09996478098173014
0.14726612370680167
0.18360774818401937
0.1641536429672023
0.10070658155403918
0.1865089148139996
0.17771736737838434
0.08830508474576271
0.13515078142196787
0.14564604886638785
0.19763152102135154
0.17092890160686774
0.1445630640545895
0.14573849878934625
0.07356812678846578
0.12112260620735196
0.13798151001540832
0.09031697116442879
0.11444419986792868
0.19723970944309926
0.15153863086066477
0.1284789786484702
0.188267664538851
0.10093330398415144
