0.22606867708562625
0.24736957957296943
0.26073739819502534
0.21572749284613693
0.2504358353510896
0.3455359894342946
0.2660994937266124
0.2509090909090909
0.2497490644948272
0.26412282632621614
0.30071758749724853
0.28046224961479205
0.2080343385428131
0.2690666960158486
0.23597182478538412
0.2351904028175215
0.2818269865727493
0.29182918776139116
0.2362447721769756
0.23225181598062955
0.2440523882896764
0.23063834470614133
0.2657406999779881
0.22912612810917898
0.2687409200968523
0.2611270085846357
0.24637904468412947
0.2554193264362756
0.21955535989434297
0.26201408760730793
0.27508254457407005
0.2071252476337222
0.25392692053709004
0.25771736737838435
0.24531146819282415
0.2734140435835351
0.22591899625797932
0.2547743781642087
0.2502883557120845
0.2797446621175435
0.2469733656174334
0.22719128329297822
0.24564164648910414
0.23910851860004403
0.22626898525203612
0.2303984151441779
0.23591679506933746
0.2098151001540832
0.2508232445520581
0.21264142637023994
0.2558881796169932
0.18890380805635043
0.2623794849218578
0.2656504512436716
0.28488663878494386
0.29975346687211096
0.27373981950253135
0.25984151441778564
0.24685670261941453
0.2462161567246313
0.24917455425930005
0.24116002641426373
0.28575390710983933
0.2568765133171913
0.24345146379044688
0.22452124147039407
0.27738498789346244
0.2954853620955316
0.26928681488003525
0.26836011446180935
0.25965221219458506
0.26806075280651553
0.2763350209112921
0.2820515078142197
0.25334360554699537
0.22754567466431874
0.2551177635923399
0.27432533568126793
0.26002641426370243
0.270578912612811
0.2040149680827647
0.21610169491525424
0.24003962139555363
0.2565463350209113
0.24320713185119966
0.25545674664318735
0.25134932863746423
0.289027074620295
0.21965001100594322
0.25044684129429895
0.22508034338542815
0.23034338542813118
0.25790006603565924
0.2750055029716047
0.263284173453665
0.29812018489984593
0.24619414483821264
0.25039181157825224
0.21821043363416248
0.2769931763152102
0.2600968523002421
0.25346246973365616
0.24867928681488002
0.2648117983711204
0.22983050847457628
0.21727052608408542
0.2257274928461369
0.2657120845256439
0.22296059872331062
0.2714990094651112
0.24500550297160467
0.2626128109178957
0.2786704820603126
0.278285274047986
0.27891041162227603
0.2581377944089808
0.24858903808056354
0.26665639445300465
0.24574730354391372
0.29194805194805196
0.26638784943869687
0.2504798591239269
0.2760158485582214
0.26183579132731677
0.25540391811578256
0.2587211093990755
0.27988333700198104
0.2682566585956417
0.2852542372881356
0.25102575390710985
0.2734338542813119
0.23336121505613033
0.22379925159586178
0.2213273167510456
0.25209333039841514
0.20742020691173235
0.24482500550297165
0.21580893682588598
0.25203609949372663
0.28018269865727496
0.26774158045344487
0.26414924058991857
0.2644970283953335
0.2523068456966762
0.23563504292317852
0.2612392692053709
0.2657781201848999
0.23492185780321376
0.2423882896764253
0.2495597622716267
0.27668500990534894
0.21215936605767113
0.25676645388509794
0.3083160906889721
0.25742020691173234
0.2778230244331939
0.24622496147919878
0.2744464010565706
0.21760950913493285
0.2731014747963901
0.2655602025093551
0.28077701959057894
0.27432533568126793
0.27307506053268765
0.24257318952234208
0.26761831388950036
0.2516530926700418
0.22991195245432533
0.2617477437816421
0.24066255778120185
0.23271406559542152
0.24192824125027518
0.25260620735197004
0.24514858023332603
0.29565485362095534
0.26603125687871454
0.23836231565045127
0.24074620294959279
0.2760928901606868
0.25347127448822365
0.2656416464891041
0.2371648690292758
0.2835373101474797
0.27468633061853404
0.26530046224961484
0.2540039621395554
0.2504710543693595
0.26843495487563285
0.21849438696896326
0.2613603345806736
0.26137354171252475
0.2564648910411622
0.24552058111380148
0.21407660136473697
0.2335945410521682
0.24898305084745767
0.24857583094871233
0.2791063174114021
0.25590358793748624
0.25465771516618974
