-0.2337376183138895
-0.10417125247633724
-0.1093220338983051
-0.16349108518600045
-0.20530266343825668
-0.11387409200968525
-0.19641206251375742
-0.1183204930662558
-0.12812238608848778
-0.12850759410081444
-0.14293198327096632
-0.06169271406559543
-0.2215034118423949
-0.20144838212634825
-0.12691393352410302
-0.07739379264802994
-0.17735417125247635
-0.08139555359894343
-0.10725511776359234
-0.21859564164648915
-0.09898525203609951
-0.12006383447061414
-0.2420008804754568
-0.12408100374202069
-0.1135130970724191
-0.182326656394453
-0.11126788465771519
-0.10521901826986572
-0.09007924279110721
-0.13040721989874532
-0.12428131190843057
-0.046999779881135816
-0.09871890821043365
-0.15323354611490206
-0.19700418225841954
-0.07647809817301343
-0.17223420647149462
-0.028423948932423507
-0.11036319612590799
-0.16934404578472376
-0.07400176095091349
-0.19381686110499668
-0.02723310587717367
-0.10144177856042264
-0.128399735857363
-0.15857803213735416
-0.11379925159586178
-0.1331565045124367
-0.19181157825225623
-0.1788729914153643
-0.11641646489104117
-0.08397094430992737
-0.2352784503631961
-0.09483381025753908
-0.13479418886198546
-0.14752366277790008
-0.1492361875412723
-0.10553158705701078
-0.10404358353510895
-0.13092670041822585
-0.1241668500990535
-0.11542813119084307
-0.16573189522342066
-0.20890821043363417
-0.0714373761831389
-0.13833370019810698
-0.042703059652212196
-0.08443979749064497
-0.04885758309487123
-0.1983865287255118
-0.05644508034338543
-0.16716266784063394
-0.1564076601364737
-0.09759189962579795
-0.06912612810917897
-0.0952344265903588
-0.10558221439577374
-0.15513757429011668
-0.14696456086286594
-0.16798591239269206
-0.09168611049966982
-0.17820383006823684
-0.047642526964560866
-0.08798591239269206
-0.10545894783182919
-0.0753004622496148
-0.17035439137134054
-0.15520360994937266
-0.16013427250715387
-0.19128989654413384
-0.09807836231565047
-0.11096632181377944
-0.183185119964781
-0.18281972265023116
-0.13303323794849217
-0.1634404578472375
-0.13343165309267005
-0.12146158925819941
-0.15116222760290557
-0.1294673123486683
-0.05221879815100155
-0.15176975566806075
-0.16782302443319397
-0.13438036539731457
-0.11994497028395336
-0.22986572749284614
-0.15672683248954436
-0.05924939467312349
-0.1822232005282853
-0.12248294078802555
-0.10570548095971825
-0.13044023772837332
-0.017922077922077922
-0.18006163328197228
-0.15401276689412283
-0.11919436495707683
-0.1027162667840634
-0.09335020911292098
-0.05946951353731015
-0.13088047545674664
-0.12472375082544575
-0.11573629760070439
