0.11502531366938146
0.10571648690292759
0.16440017609509136
0.1547721769755668
0.17463350209112918
0.16602245212414704
0.15187981510015408
0.09468192824125027
0.1621967862645829
0.19441338322694257
0.12004622496147921
0.13778780541492408
0.1215496368038741
0.15351529826106097
0.16940567906669604
0.0899933964340744
0.10368038740920098
0.14397314549856924
0.10841734536649791
0.092491745542593
0.16499669821703722
0.1582852740479859
0.11012766894122827
0.1463086066475897
0.15830288355712085
0.1261633281972265
0.11823024433193925
0.06475896984371562
0.12354831609068898
0.11403037640325778
0.1439093110279551
0.1256878714505833
0.11113801452784505
0.15132071318511997
0.1124521241470394
0.17493286374642308
0.09083865287255119
0.08450143077261722
0.14773717807616113
0.15623156504512437
0.14337662337662338
0.13399955976227163
0.1142857142857143
0.18108518600044027
0.1517543473475677
0.18406999779881136
0.12923838872991417
0.19057010785824346
0.06786044464010565
0.12431212854941669
0.1181554039181158
0.10664318732115344
0.0963086066475897
0.1269403477878054
0.14224521241470395
0.16362976007043806
0.06380145278450364
0.08186880915694475
0.09000660356592559
0.12355491965661458
0.17519040281752146
0.17521021351529828
0.12885538190622936
0.11697116442879155
0.10046665199207573
0.14359674224081004
0.10683689192163767
0.19687431212854942
0.11944750165089149
0.12416905128769537
0.148036539731455
0.18924499229583977
0.10692934184459608
0.139768875192604
0.11525203609949373
0.08496588157605107
0.15586616773057452
0.1297776799471715
0.13978648470173893
0.1344816200748404
0.09855381906229364
0.11841954655513978
0.1656900726392252
0.11411842394893243
0.14454325335681267
0.11041162227602906
0.13889500330178298
0.10738718908210435
0.14283292978208234
0.15014968082764693
0.10913273167510457
0.1346335020911292
0.16658815760510678
0.1639753466872111
0.05548316090688972
0.1424851419766674
0.14476337222099933
0.11387849438696898
0.17584415584415586
0.14499889940567906
