0.2630662557781202
0.2148338102575391
0.24633722209993394
0.2631036759850319
0.29298261060972924
0.2127030596522122
0.25109619194364957
0.20058331499009463
0.2535923398635263
0.2839247193484482
0.27301782962799914
0.17095751705921197
0.23810697776799472
0.23218578032137355
0.2145630640545895
0.2625181598062954
0.23403477878054152
0.28478538410741805
0.23983491085185998
0.23242570988333702
0.2416685009905349
0.2531278890600925
0.2803477878054149
0.2731653092670042
0.2466585956416465
0.2478472375082545
0.1791503411842395
0.30327536869909755
0.2074114021571649
0.2533303984151442
0.2395465551397755
0.28202289236187544
0.27302223200528286
0.25589698437156067
0.23032137354171253
0.22755007704160252
0.24111600264142635
0.23472375082544578
0.24825225621835792
0.2006009244992296
0.23598062953995158
0.1823860884877834
0.24931102795509574
0.25200748404138235
0.24294959278010125
0.21258199427690955
0.22399295619634602
0.2588487783403038
0.24536209553158708
0.22456526524323137
0.2017785604226282
0.18681928241250276
0.26445740699977993
0.2189588377723971
0.21980629539951577
0.21270746202949595
0.19094430992736078
0.24635263042042704
0.18236407660136475
0.22386528725511778
0.24547655734096413
0.21928461369139335
0.20308606647589697
0.26361875412722874
0.25089588377723976
0.17322254017169272
0.257426810477658
0.2553422848338103
0.22372220999339643
0.2627624917455426
0.21905128769535548
0.27473695795729697
0.23557561082984815
0.2304050187101035
0.22450583314990094
0.19061413163108082
0.2603653973145499
0.23799251595861765
0.1860180497468633
0.2541536429672023
0.28557561082984817
0.2896081884217478
0.1722496147919877
0.2751970063834471
0.2853158705701078
0.21432973805855163
0.23201188641866613
0.20727052608408542
0.2352586396654193
0.22981950253136693
0.21875852960598724
0.22958837772397095
0.2916751045564605
0.209258199427691
0.24658155403918117
0.2937420206911732
0.2699735857362976
0.15196566145718687
0.2331432973805855
0.26682148360114466
0.2945740699977988
0.25895003301782965
0.2847325555800132
0.29689412282632627
0.23217917675544797
0.17187541272287035
0.23634162447721768
0.2443693594541052
0.24312348668280875
0.2374378164208673
0.22612810917895665
0.21559762271626678
0.24537750385208013
0.1969821703720009
0.273680387409201
0.23222980409421085
0.2469623596742241
0.21484261501210652
0.2954171252476337
0.16779000660356594
0.23320933303984154
0.32151221659696233
0.23813779440898086
0.20558221439577373
0.1943517499449703
0.25175654853620955
0.20805635042923182
0.24866167730574507
0.23830288355712084
0.23213955535989436
0.23219238388729915
0.2787695355491966
0.22370460048426152
0.2716508914814
0.30186000440237726
0.21203169711644287
0.23254677525863968
0.2776095091349329
0.22940788025533787
0.26501210653753027
0.2460048426150121
0.25176535329077704
0.22455425930002204
0.26075500770416027
0.26079022672243013
0.2700770416024654
0.25834470614131627
0.22046224961479202
0.2640523882896764
0.2853268765133172
0.2779969183359014
0.18030816640986133
0.2636407660136474
0.28508034338542815
0.25125247633722214
0.1652520360994937
0.27099273607748187
0.24017609509134935
0.2658881796169932
0.24457627118644065
0.23615012106537533
0.24629980189302225
0.24021571648690293
0.292443319392472
0.2707770195905789
0.21069337442218802
0.1707902267224301
0.2515232225401717
0.2502795509575171
0.20679286814880035
0.278399735857363
0.21656394453004624
0.23919656614571866
0.23350429231785164
0.22842835130970726
0.2495531587057011
0.1815232225401717
0.2133634162447722
0.2029914153642967
0.23823464670922304
0.2637684349548756
0.2574180057230905
0.278745322474136
0.2632643627558882
0.24912612810917897
0.2548866387849439
0.24897644728153207
0.17775698877393792
0.16423068456966763
0.24517279330838654
0.199438696896324
0.25966101694915256
0.23086066475896985
0.24291877613911517
0.26258199427690954
0.22400176095091348
0.2443781642086727
0.24877834030376403
0.2481311908430553
0.23752806515518382
