0.15676425269645608
0.24822584195465555
0.1520779220779221
0.1465133171912833
0.16804094210873874
0.16836451683909312
0.20212414703940126
0.16549196566145719
0.17527184679727054
0.1323992956196346
0.16959498128989656
0.17981950253136694
0.21166409861325117
0.24840854061193043
0.15389390270746203
0.19998459167950694
0.20579352850539295
0.15813339203169713
0.1765397314549857
0.21631961259079907
0.21617213295179402
0.19314769975786925
0.18353731014747965
0.16228263262161569
0.19626458287475237
0.1618071758749725
0.21420206911732334
0.254340744001761
0.15727712965001103
0.1832445520581114
0.1753004622496148
0.17404578472375082
0.2116464891041162
0.17180277349768877
0.16221219458507596
0.1125775918996258
0.18203609949372662
0.1500264142637024
0.10388069557561085
0.1140215716486903
0.14316310807836233
0.17614791987673345
0.12069997798811359
0.2531983270966322
0.1452542372881356
0.20753907109839317
0.20441998679286813
0.2107946290997139
0.14755888179616994
0.12370680167290338
0.09809156944750165
0.16759850319172356
0.2191371340523883
0.15602465331278892
0.25442438917015187
0.1714637904468413
0.1940347787805415
0.21111380145278452
0.1961831388950033
0.21992075720889281
0.14899625797930882
0.12221659696235969
0.1668765133171913
0.1480805635042923
0.1716420867268325
0.11016729033678185
0.1738102575390711
0.21602025093550517
0.1918269865727493
0.15204050187101037
0.17068897204490427
0.1916288795949813
0.17420206911732336
0.2374246092890161
0.19434954875632846
0.17627999119524543
0.17882236407660138
0.2192229804094211
0.16893682588597844
0.11697336561743342
0.1664340744001761
0.17037860444640107
0.18385868368919217
0.09466651992075722
0.2153202729473916
0.18469073299581776
0.14817081223860887
0.221171032357473
0.21775038520801235
0.23146379044684132
0.20127448822364075
0.1792427911071979
0.10734976887519261
0.23490204710543694
0.1473893902707462
0.21544353951133613
0.09055910191503412
0.15855381906229365
0.1240611930442439
0.16142637023992956
