-0.0024543253356812678
0.039751265683469074
0.09842394893242352
0.07304864626898526
0.010405018710103455
0.01639885538190623
0.018287475236627777
0.034919656614571866
0.1011270085846357
0.013968743121285496
0.06875412722870351
-0.006007043803653974
0.0516156724631301
-0.0008584635703279772
0.053026634382566586
-0.0050297160466651995
0.018604446401056574
0.000948712304644508
0.028798151001540834
-0.010202509355051728
0.03565925599823905
0.039544353951133614
0.04561303103675985
-0.001639885538190623
0.016231565045124366
0.011060972925379706
-0.01118864186660797
0.07686110499669821
-0.013519700638344708
0.03210213515298261
0.06580453444860225
-0.011791767554479419
-0.015513977547875856
0.05523222540171693
0.02231124807395994
-0.036596962359674225
-0.036993176315210215
0.05496808276469294
0.06132291437376183
0.03569007263922518
0.060316971164428794
0.04512436715826546
-0.037175874972485146
0.06795289456306405
0.034345146379044685
-0.06185340083645169
0.010545894783182918
0.02022011886418666
0.032372881355932207
0.09759850319172353
-0.007259520140876074
-0.0024895443539511334
0.04431432973805856
0.06543033237948492
0.07509355051727934
-0.006328417345366498
0.044615892581994276
0.10620294959278011
0.06335681267884657
0.06742240810037421
0.039768875192604004
0.06340523882896765
-0.004629099713845477
-0.013882896764252696
0.112755888179617
-0.007257318952234206
0.07622716266784063
0.034998899405679074
-0.02063174114021572
-0.01264802993616553
-0.006260180497468634
0.08556020250935506
-0.009757869249394674
-0.02170151882016289
-0.022850539291217258
0.008740920096852301
0.0025401716927140657
0.07053488883997358
0.04997798811358133
-0.04276029055690073
0.01268104776579353
0.03481620074840414
0.013020030816640986
0.12784283513097072
-0.047541272287035
-0.014019370460048426
-0.013810257539071098
0.015199207572088928
0.0015122165969623598
-0.005329077701959058
0.11124587277129651
0.04762931983270967
-0.02586616773057451
0.022333259960378604
0.03438256658595642
-0.03761171032357473
-0.0004864626898525204
0.01025974025974026
-0.0040589918556020255
0.046167730574510235
